-3.493e+01,7.762e-03,7.000e-01,4.287e-07,-8.982e+01,2.278e-05,1.000e-03,1.013e+00
-3.479e+01,7.808e-03,1.100e+00,4.287e-07,-8.946e+01,8.417e-05,3.000e-03,3.027e+00
-3.464e+01,7.940e-03,1.500e+00,1.286e-06,-8.910e+01,1.486e-04,5.000e-03,5.003e+00
-3.450e+01,8.120e-03,1.900e+00,2.572e-06,-8.874e+01,1.889e-04,7.000e-03,6.936e+00
-3.436e+01,7.893e-03,2.300e+00,1.715e-06,-8.838e+01,2.447e-04,9.000e-03,8.852e+00
-3.422e+01,8.121e-03,2.700e+00,4.716e-06,-8.802e+01,3.075e-04,1.100e-02,1.071e+01
-3.408e+01,8.079e-03,3.100e+00,1.715e-06,-8.766e+01,3.522e-04,1.300e-02,1.246e+01
-3.394e+01,8.064e-03,3.500e+00,3.429e-06,-8.730e+01,4.144e-04,1.500e-02,1.402e+01
-3.379e+01,8.275e-03,3.900e+00,4.716e-06,-8.694e+01,4.647e-04,1.700e-02,1.552e+01
-3.365e+01,8.292e-03,4.300e+00,4.716e-06,-8.658e+01,5.311e-04,1.900e-02,1.687e+01
-3.351e+01,8.368e-03,4.700e+00,9.431e-06,-8.622e+01,5.658e-04,2.100e-02,1.796e+01
-3.337e+01,8.478e-03,5.100e+00,9.860e-06,-8.586e+01,6.064e-04,2.300e-02,1.894e+01
-3.323e+01,8.632e-03,5.500e+00,1.286e-05,-8.550e+01,7.047e-04,2.500e-02,1.962e+01
-3.308e+01,8.635e-03,5.900e+00,1.500e-05,-8.514e+01,7.567e-04,2.700e-02,2.007e+01
-3.294e+01,8.667e-03,6.300e+00,1.543e-05,-8.478e+01,8.064e-04,2.900e-02,2.036e+01
-3.280e+01,8.706e-03,6.700e+00,1.543e-05,-8.442e+01,8.536e-04,3.100e-02,2.027e+01
-3.266e+01,8.855e-03,7.100e+00,2.015e-05,-8.406e+01,9.214e-04,3.300e-02,2.005e+01
-3.252e+01,8.992e-03,7.500e+00,1.843e-05,-8.370e+01,9.503e-04,3.500e-02,1.959e+01
-3.237e+01,9.043e-03,7.900e+00,2.829e-05,-8.334e+01,9.903e-04,3.700e-02,1.898e+01
-3.223e+01,8.945e-03,8.300e+00,3.172e-05,-8.298e+01,1.098e-03,3.900e-02,1.823e+01
-3.209e+01,8.920e-03,8.700e+00,2.658e-05,-8.262e+01,1.143e-03,4.100e-02,1.732e+01
-3.195e+01,9.124e-03,9.100e+00,3.429e-05,-8.226e+01,1.218e-03,4.300e-02,1.636e+01
-3.180e+01,9.184e-03,9.500e+00,3.215e-05,-8.190e+01,1.229e-03,4.500e-02,1.532e+01
-3.166e+01,9.211e-03,9.900e+00,3.601e-05,-8.154e+01,1.313e-03,4.700e-02,1.426e+01
-3.152e+01,9.339e-03,1.030e+01,4.244e-05,-8.118e+01,1.307e-03,4.900e-02,1.316e+01
-3.138e+01,9.549e-03,1.070e+01,4.201e-05,-8.082e+01,1.363e-03,5.100e-02,1.208e+01
-3.124e+01,9.460e-03,1.110e+01,4.330e-05,-8.046e+01,1.440e-03,5.300e-02,1.105e+01
-3.109e+01,9.528e-03,1.150e+01,5.016e-05,-8.010e+01,1.509e-03,5.500e-02,1.002e+01
-3.095e+01,9.713e-03,1.190e+01,5.187e-05,-7.974e+01,1.587e-03,5.700e-02,9.054e+00
-3.081e+01,9.702e-03,1.230e+01,6.687e-05,-7.938e+01,1.598e-03,5.900e-02,8.183e+00
-3.067e+01,9.733e-03,1.270e+01,4.630e-05,-7.902e+01,1.639e-03,6.100e-02,7.368e+00
-3.053e+01,9.611e-03,1.310e+01,5.401e-05,-7.866e+01,1.742e-03,6.300e-02,6.656e+00
-3.038e+01,9.854e-03,1.350e+01,6.130e-05,-7.830e+01,1.800e-03,6.500e-02,5.963e+00
-3.024e+01,9.857e-03,1.390e+01,8.402e-05,-7.794e+01,1.836e-03,6.700e-02,5.357e+00
-3.010e+01,9.895e-03,1.430e+01,7.974e-05,-7.758e+01,1.836e-03,6.900e-02,4.841e+00
-2.996e+01,9.892e-03,1.470e+01,9.088e-05,-7.722e+01,1.909e-03,7.100e-02,4.340e+00
-2.982e+01,1.014e-02,1.510e+01,7.931e-05,-7.686e+01,1.997e-03,7.300e-02,3.914e+00
-2.968e+01,1.018e-02,1.550e+01,7.931e-05,-7.650e+01,2.016e-03,7.500e-02,3.537e+00
-2.953e+01,1.010e-02,1.590e+01,9.131e-05,-7.614e+01,2.107e-03,7.700e-02,3.192e+00
-2.939e+01,1.023e-02,1.630e+01,1.033e-04,-7.578e+01,2.149e-03,7.900e-02,2.869e+00
-2.925e+01,1.033e-02,1.670e+01,1.037e-04,-7.542e+01,2.177e-03,8.100e-02,2.616e+00
-2.911e+01,1.039e-02,1.710e+01,1.157e-04,-7.506e+01,2.260e-03,8.300e-02,2.387e+00
-2.896e+01,1.046e-02,1.750e+01,1.153e-04,-7.470e+01,2.284e-03,8.500e-02,2.169e+00
-2.882e+01,1.057e-02,1.790e+01,1.200e-04,-7.434e+01,2.362e-03,8.700e-02,1.989e+00
-2.868e+01,1.029e-02,1.830e+01,1.376e-04,-7.398e+01,2.380e-03,8.900e-02,1.799e+00
-2.854e+01,1.059e-02,1.870e+01,1.376e-04,-7.362e+01,2.438e-03,9.100e-02,1.636e+00
-2.840e+01,1.063e-02,1.910e+01,1.385e-04,-7.326e+01,2.522e-03,9.300e-02,1.500e+00
-2.826e+01,1.083e-02,1.950e+01,1.470e-04,-7.290e+01,2.607e-03,9.500e-02,1.384e+00
-2.811e+01,1.092e-02,1.990e+01,1.363e-04,-7.254e+01,2.606e-03,9.700e-02,1.283e+00
-2.797e+01,1.090e-02,2.030e+01,1.569e-04,-7.218e+01,2.633e-03,9.900e-02,1.167e+00
-2.783e+01,1.086e-02,2.070e+01,1.552e-04,-7.182e+01,2.763e-03,1.010e-01,1.096e+00
-2.769e+01,1.126e-02,2.110e+01,1.603e-04,-7.146e+01,2.841e-03,1.030e-01,1.001e+00
-2.755e+01,1.106e-02,2.150e+01,1.800e-04,-7.110e+01,2.844e-03,1.050e-01,9.328e-01
-2.740e+01,1.099e-02,2.190e+01,1.736e-04,-7.074e+01,2.845e-03,1.070e-01,8.516e-01
-2.726e+01,1.116e-02,2.230e+01,1.788e-04,-7.038e+01,2.968e-03,1.090e-01,7.907e-01
-2.712e+01,1.121e-02,2.270e+01,1.792e-04,-7.002e+01,2.899e-03,1.110e-01,7.439e-01
-2.698e+01,1.121e-02,2.310e+01,1.925e-04,-6.966e+01,3.032e-03,1.130e-01,6.882e-01
-2.684e+01,1.144e-02,2.350e+01,2.015e-04,-6.930e+01,3.111e-03,1.150e-01,6.478e-01
-2.669e+01,1.147e-02,2.390e+01,2.225e-04,-6.894e+01,3.171e-03,1.170e-01,5.957e-01
-2.655e+01,1.131e-02,2.430e+01,2.161e-04,-6.858e+01,3.199e-03,1.190e-01,5.544e-01
-2.641e+01,1.154e-02,2.470e+01,2.302e-04,-6.822e+01,3.233e-03,1.210e-01,5.244e-01
-2.627e+01,1.154e-02,2.510e+01,2.306e-04,-6.786e+01,3.243e-03,1.230e-01,4.884e-01
-2.612e+01,1.163e-02,2.550e+01,2.311e-04,-6.750e+01,3.422e-03,1.250e-01,4.576e-01
-2.598e+01,1.184e-02,2.590e+01,2.546e-04,-6.714e+01,3.433e-03,1.270e-01,4.316e-01
-2.584e+01,1.170e-02,2.630e+01,2.679e-04,-6.678e+01,3.486e-03,1.290e-01,4.141e-01
-2.570e+01,1.173e-02,2.670e+01,2.816e-04,-6.642e+01,3.458e-03,1.310e-01,3.750e-01
-2.556e+01,1.192e-02,2.710e+01,2.894e-04,-6.606e+01,3.551e-03,1.330e-01,3.564e-01
-2.541e+01,1.208e-02,2.750e+01,2.752e-04,-6.570e+01,3.631e-03,1.350e-01,3.447e-01
-2.527e+01,1.193e-02,2.790e+01,2.859e-04,-6.534e+01,3.630e-03,1.370e-01,3.172e-01
-2.513e+01,1.215e-02,2.830e+01,3.035e-04,-6.498e+01,3.709e-03,1.390e-01,3.064e-01
-2.499e+01,1.219e-02,2.870e+01,3.095e-04,-6.462e+01,3.743e-03,1.410e-01,2.820e-01
-2.485e+01,1.212e-02,2.910e+01,3.091e-04,-6.426e+01,3.817e-03,1.430e-01,2.727e-01
-2.471e+01,1.228e-02,2.950e+01,3.087e-04,-6.390e+01,3.825e-03,1.450e-01,2.567e-01
-2.456e+01,1.221e-02,2.990e+01,3.387e-04,-6.354e+01,3.897e-03,1.470e-01,2.442e-01
-2.442e+01,1.238e-02,3.030e+01,3.472e-04,-6.318e+01,3.900e-03,1.490e-01,2.253e-01
-2.428e+01,1.249e-02,3.070e+01,3.622e-04,-6.282e+01,3.995e-03,1.510e-01,2.187e-01
-2.414e+01,1.243e-02,3.110e+01,3.892e-04,-6.246e+01,4.049e-03,1.530e-01,2.084e-01
-2.400e+01,1.263e-02,3.150e+01,3.575e-04,-6.210e+01,4.080e-03,1.550e-01,1.939e-01
-2.385e+01,1.251e-02,3.190e+01,3.931e-04,-6.174e+01,4.104e-03,1.570e-01,1.867e-01
-2.371e+01,1.273e-02,3.230e+01,4.073e-04,-6.138e+01,4.194e-03,1.590e-01,1.768e-01
-2.357e+01,1.286e-02,3.270e+01,3.927e-04,-6.102e+01,4.226e-03,1.610e-01,1.681e-01
-2.343e+01,1.282e-02,3.310e+01,4.094e-04,-6.066e+01,4.341e-03,1.630e-01,1.610e-01
-2.329e+01,1.290e-02,3.350e+01,4.287e-04,-6.030e+01,4.354e-03,1.650e-01,1.552e-01
-2.314e+01,1.307e-02,3.390e+01,4.223e-04,-5.994e+01,4.350e-03,1.670e-01,1.441e-01
-2.300e+01,1.295e-02,3.430e+01,4.265e-04,-5.958e+01,4.429e-03,1.690e-01,1.357e-01
-2.286e+01,1.303e-02,3.470e+01,4.445e-04,-5.922e+01,4.461e-03,1.710e-01,1.337e-01
-2.272e+01,1.298e-02,3.510e+01,4.570e-04,-5.886e+01,4.553e-03,1.730e-01,1.290e-01
-2.258e+01,1.298e-02,3.550e+01,4.810e-04,-5.850e+01,4.564e-03,1.750e-01,1.221e-01
-2.243e+01,1.320e-02,3.590e+01,4.921e-04,-5.814e+01,4.596e-03,1.770e-01,1.182e-01
-2.229e+01,1.317e-02,3.630e+01,4.917e-04,-5.778e+01,4.659e-03,1.790e-01,1.133e-01
-2.215e+01,1.315e-02,3.670e+01,4.973e-04,-5.742e+01,4.730e-03,1.810e-01,1.008e-01
-2.201e+01,1.323e-02,3.710e+01,4.763e-04,-5.706e+01,4.739e-03,1.830e-01,1.008e-01
-2.187e+01,1.331e-02,3.750e+01,5.131e-04,-5.670e+01,4.799e-03,1.850e-01,9.570e-02
-2.172e+01,1.339e-02,3.790e+01,5.530e-04,-5.634e+01,4.830e-03,1.870e-01,9.435e-02
-2.158e+01,1.348e-02,3.830e+01,5.646e-04,-5.598e+01,4.891e-03,1.890e-01,8.875e-02
-2.144e+01,1.352e-02,3.870e+01,5.346e-04,-5.562e+01,4.919e-03,1.910e-01,8.555e-02
-2.130e+01,1.349e-02,3.910e+01,5.569e-04,-5.526e+01,4.933e-03,1.930e-01,7.835e-02
-2.116e+01,1.368e-02,3.950e+01,5.611e-04,-5.490e+01,5.005e-03,1.950e-01,7.610e-02
-2.101e+01,1.370e-02,3.990e+01,5.843e-04,-5.454e+01,5.066e-03,1.970e-01,7.765e-02
-2.087e+01,1.364e-02,4.030e+01,6.237e-04,-5.418e+01,5.081e-03,1.990e-01,6.905e-02
-2.073e+01,1.393e-02,4.070e+01,6.203e-04,-5.382e+01,5.237e-03,2.010e-01,6.835e-02
-2.059e+01,1.399e-02,4.110e+01,6.143e-04,-5.346e+01,5.216e-03,2.030e-01,6.585e-02
-2.045e+01,1.390e-02,4.150e+01,6.096e-04,-5.310e+01,5.198e-03,2.050e-01,6.260e-02
-2.030e+01,1.404e-02,4.190e+01,6.319e-04,-5.274e+01,5.329e-03,2.070e-01,6.050e-02
-2.016e+01,1.401e-02,4.230e+01,6.606e-04,-5.238e+01,5.253e-03,2.090e-01,6.055e-02
-2.002e+01,1.427e-02,4.270e+01,6.717e-04,-5.202e+01,5.428e-03,2.110e-01,5.475e-02
-1.988e+01,1.410e-02,4.310e+01,6.885e-04,-5.166e+01,5.416e-03,2.130e-01,5.795e-02
-1.973e+01,1.416e-02,4.350e+01,7.039e-04,-5.130e+01,5.428e-03,2.150e-01,5.375e-02
-1.959e+01,1.425e-02,4.390e+01,7.082e-04,-5.094e+01,5.564e-03,2.170e-01,4.835e-02
-1.945e+01,1.421e-02,4.430e+01,7.018e-04,-5.058e+01,5.556e-03,2.190e-01,4.710e-02
-1.931e+01,1.462e-02,4.470e+01,7.335e-04,-5.022e+01,5.594e-03,2.210e-01,4.700e-02
-1.917e+01,1.423e-02,4.510e+01,7.772e-04,-4.986e+01,5.661e-03,2.230e-01,4.290e-02
-1.903e+01,1.429e-02,4.550e+01,7.403e-04,-4.950e+01,5.709e-03,2.250e-01,4.335e-02
-1.888e+01,1.453e-02,4.590e+01,8.171e-04,-4.914e+01,5.766e-03,2.270e-01,3.995e-02
-1.874e+01,1.448e-02,4.630e+01,8.102e-04,-4.878e+01,5.740e-03,2.290e-01,4.155e-02
-1.860e+01,1.455e-02,4.670e+01,8.304e-04,-4.842e+01,5.748e-03,2.310e-01,3.865e-02
-1.846e+01,1.465e-02,4.710e+01,8.145e-04,-4.806e+01,5.867e-03,2.330e-01,3.825e-02
-1.832e+01,1.471e-02,4.750e+01,8.351e-04,-4.770e+01,5.854e-03,2.350e-01,3.695e-02
-1.817e+01,1.474e-02,4.790e+01,8.711e-04,-4.734e+01,5.950e-03,2.370e-01,3.305e-02
-1.803e+01,1.482e-02,4.830e+01,8.475e-04,-4.698e+01,6.042e-03,2.390e-01,3.505e-02
-1.789e+01,1.493e-02,4.870e+01,8.694e-04,-4.662e+01,5.980e-03,2.410e-01,3.415e-02
-1.775e+01,1.509e-02,4.910e+01,8.938e-04,-4.626e+01,6.117e-03,2.430e-01,3.290e-02
-1.761e+01,1.482e-02,4.950e+01,9.075e-04,-4.590e+01,6.092e-03,2.450e-01,3.060e-02
-1.746e+01,1.494e-02,4.990e+01,8.904e-04,-4.554e+01,6.068e-03,2.470e-01,3.240e-02
-1.732e+01,1.493e-02,5.030e+01,9.272e-04,-4.518e+01,6.148e-03,2.490e-01,2.935e-02
-1.718e+01,1.498e-02,5.070e+01,9.208e-04,-4.482e+01,6.265e-03,2.510e-01,3.090e-02
-1.704e+01,1.514e-02,5.110e+01,9.671e-04,-4.446e+01,6.195e-03,2.530e-01,2.685e-02
-1.690e+01,1.504e-02,5.150e+01,9.808e-04,-4.410e+01,6.307e-03,2.550e-01,2.650e-02
-1.675e+01,1.505e-02,5.190e+01,1.006e-03,-4.374e+01,6.269e-03,2.570e-01,2.515e-02
-1.661e+01,1.522e-02,5.230e+01,1.034e-03,-4.338e+01,6.342e-03,2.590e-01,2.595e-02
-1.647e+01,1.542e-02,5.270e+01,1.015e-03,-4.302e+01,6.361e-03,2.610e-01,2.510e-02
-1.633e+01,1.510e-02,5.310e+01,1.109e-03,-4.266e+01,6.457e-03,2.630e-01,2.435e-02
-1.619e+01,1.540e-02,5.350e+01,1.064e-03,-4.230e+01,6.431e-03,2.650e-01,2.240e-02
-1.604e+01,1.550e-02,5.390e+01,1.098e-03,-4.194e+01,6.476e-03,2.670e-01,2.175e-02
-1.590e+01,1.542e-02,5.430e+01,1.123e-03,-4.158e+01,6.508e-03,2.690e-01,2.240e-02
-1.576e+01,1.553e-02,5.470e+01,1.099e-03,-4.122e+01,6.548e-03,2.710e-01,2.250e-02
-1.562e+01,1.552e-02,5.510e+01,1.142e-03,-4.086e+01,6.639e-03,2.730e-01,2.035e-02
-1.548e+01,1.572e-02,5.550e+01,1.171e-03,-4.050e+01,6.576e-03,2.750e-01,2.055e-02
-1.533e+01,1.558e-02,5.590e+01,1.180e-03,-4.014e+01,6.712e-03,2.770e-01,2.045e-02
-1.519e+01,1.560e-02,5.630e+01,1.151e-03,-3.978e+01,6.696e-03,2.790e-01,1.945e-02
-1.505e+01,1.584e-02,5.670e+01,1.147e-03,-3.942e+01,6.676e-03,2.810e-01,1.735e-02
-1.491e+01,1.575e-02,5.710e+01,1.192e-03,-3.906e+01,6.777e-03,2.830e-01,1.720e-02
-1.477e+01,1.596e-02,5.750e+01,1.241e-03,-3.870e+01,6.802e-03,2.850e-01,1.740e-02
-1.462e+01,1.573e-02,5.790e+01,1.208e-03,-3.834e+01,6.936e-03,2.870e-01,1.565e-02
-1.448e+01,1.588e-02,5.830e+01,1.281e-03,-3.798e+01,6.906e-03,2.890e-01,1.510e-02
-1.434e+01,1.596e-02,5.870e+01,1.291e-03,-3.762e+01,6.924e-03,2.910e-01,1.435e-02
-1.420e+01,1.597e-02,5.910e+01,1.288e-03,-3.726e+01,6.847e-03,2.930e-01,1.460e-02
-1.406e+01,1.584e-02,5.950e+01,1.292e-03,-3.690e+01,6.977e-03,2.950e-01,1.300e-02
-1.391e+01,1.586e-02,5.990e+01,1.307e-03,-3.654e+01,6.993e-03,2.970e-01,1.435e-02
-1.377e+01,1.595e-02,6.030e+01,1.332e-03,-3.618e+01,7.037e-03,2.990e-01,1.340e-02
-1.363e+01,1.605e-02,6.070e+01,1.387e-03,-3.582e+01,7.078e-03,3.010e-01,1.435e-02
-1.349e+01,1.610e-02,6.110e+01,1.393e-03,-3.546e+01,7.109e-03,3.030e-01,1.350e-02
-1.335e+01,1.622e-02,6.150e+01,1.398e-03,-3.510e+01,7.171e-03,3.050e-01,1.150e-02
-1.320e+01,1.612e-02,6.190e+01,1.434e-03,-3.474e+01,7.264e-03,3.070e-01,1.290e-02
-1.306e+01,1.621e-02,6.230e+01,1.422e-03,-3.438e+01,7.180e-03,3.090e-01,1.220e-02
-1.292e+01,1.613e-02,6.270e+01,1.455e-03,-3.402e+01,7.286e-03,3.110e-01,1.280e-02
-1.278e+01,1.618e-02,6.310e+01,1.505e-03,-3.366e+01,7.256e-03,3.130e-01,1.280e-02
-1.264e+01,1.622e-02,6.350e+01,1.519e-03,-3.330e+01,7.222e-03,3.150e-01,1.110e-02
-1.249e+01,1.626e-02,6.390e+01,1.531e-03,-3.294e+01,7.299e-03,3.170e-01,9.500e-03
-1.235e+01,1.642e-02,6.430e+01,1.516e-03,-3.258e+01,7.358e-03,3.190e-01,1.180e-02
-1.221e+01,1.643e-02,6.470e+01,1.574e-03,-3.222e+01,7.412e-03,3.210e-01,1.095e-02
-1.207e+01,1.631e-02,6.510e+01,1.593e-03,-3.186e+01,7.429e-03,3.230e-01,1.030e-02
-1.193e+01,1.640e-02,6.550e+01,1.587e-03,-3.150e+01,7.552e-03,3.250e-01,8.550e-03
-1.178e+01,1.639e-02,6.590e+01,1.639e-03,-3.114e+01,7.449e-03,3.270e-01,9.500e-03
-1.164e+01,1.663e-02,6.630e+01,1.639e-03,-3.078e+01,7.443e-03,3.290e-01,9.650e-03
-1.150e+01,1.643e-02,6.670e+01,1.622e-03,-3.042e+01,7.569e-03,3.310e-01,1.075e-02
-1.136e+01,1.640e-02,6.710e+01,1.723e-03,-3.006e+01,7.615e-03,3.330e-01,9.800e-03
-1.122e+01,1.652e-02,6.750e+01,1.626e-03,-2.970e+01,7.471e-03,3.350e-01,9.500e-03
-1.107e+01,1.667e-02,6.790e+01,1.733e-03,-2.934e+01,7.661e-03,3.370e-01,1.030e-02
-1.093e+01,1.681e-02,6.830e+01,1.757e-03,-2.898e+01,7.608e-03,3.390e-01,8.300e-03
-1.079e+01,1.670e-02,6.870e+01,1.809e-03,-2.862e+01,7.621e-03,3.410e-01,8.550e-03
-1.065e+01,1.673e-02,6.910e+01,1.748e-03,-2.826e+01,7.662e-03,3.430e-01,7.000e-03
-1.051e+01,1.675e-02,6.950e+01,1.769e-03,-2.790e+01,7.718e-03,3.450e-01,7.450e-03
-1.036e+01,1.675e-02,6.990e+01,1.811e-03,-2.754e+01,7.718e-03,3.470e-01,6.850e-03
-1.022e+01,1.692e-02,7.030e+01,1.832e-03,-2.718e+01,7.798e-03,3.490e-01,7.400e-03
-1.008e+01,1.708e-02,7.070e+01,1.854e-03,-2.682e+01,7.711e-03,3.510e-01,7.400e-03
-9.937e+00,1.651e-02,7.110e+01,1.868e-03,-2.646e+01,7.878e-03,3.530e-01,7.450e-03
-9.795e+00,1.673e-02,7.150e+01,1.917e-03,-2.610e+01,7.879e-03,3.550e-01,6.350e-03
-9.653e+00,1.690e-02,7.190e+01,1.949e-03,-2.574e+01,7.871e-03,3.570e-01,6.450e-03
-9.511e+00,1.706e-02,7.230e+01,1.914e-03,-2.538e+01,7.996e-03,3.590e-01,7.850e-03
-9.369e+00,1.702e-02,7.270e+01,1.945e-03,-2.502e+01,7.934e-03,3.610e-01,6.650e-03
-9.227e+00,1.697e-02,7.310e+01,1.989e-03,-2.466e+01,7.946e-03,3.630e-01,5.150e-03
-9.085e+00,1.701e-02,7.350e+01,2.072e-03,-2.430e+01,7.973e-03,3.650e-01,6.150e-03
-8.943e+00,1.714e-02,7.390e+01,2.066e-03,-2.394e+01,7.907e-03,3.670e-01,6.200e-03
-8.801e+00,1.695e-02,7.430e+01,2.046e-03,-2.358e+01,8.032e-03,3.690e-01,6.400e-03
-8.659e+00,1.698e-02,7.470e+01,2.014e-03,-2.322e+01,8.123e-03,3.710e-01,6.250e-03
-8.517e+00,1.687e-02,7.510e+01,2.098e-03,-2.286e+01,7.953e-03,3.730e-01,7.500e-03
-8.375e+00,1.714e-02,7.550e+01,2.152e-03,-2.250e+01,8.046e-03,3.750e-01,6.100e-03
-8.233e+00,1.732e-02,7.590e+01,2.100e-03,-2.214e+01,7.983e-03,3.770e-01,5.950e-03
-8.091e+00,1.686e-02,7.630e+01,2.191e-03,-2.178e+01,8.053e-03,3.790e-01,6.000e-03
-7.949e+00,1.736e-02,7.670e+01,2.155e-03,-2.142e+01,8.072e-03,3.810e-01,5.050e-03
-7.807e+00,1.714e-02,7.710e+01,2.288e-03,-2.106e+01,8.124e-03,3.830e-01,5.550e-03
-7.665e+00,1.740e-02,7.750e+01,2.232e-03,-2.070e+01,8.109e-03,3.850e-01,5.950e-03
-7.523e+00,1.715e-02,7.790e+01,2.243e-03,-2.034e+01,8.115e-03,3.870e-01,4.900e-03
-7.381e+00,1.713e-02,7.830e+01,2.275e-03,-1.998e+01,8.169e-03,3.890e-01,4.900e-03
-7.239e+00,1.729e-02,7.870e+01,2.276e-03,-1.962e+01,8.226e-03,3.910e-01,4.650e-03
-7.097e+00,1.720e-02,7.910e+01,2.319e-03,-1.926e+01,8.227e-03,3.930e-01,5.250e-03
-6.955e+00,1.726e-02,7.950e+01,2.369e-03,-1.890e+01,8.207e-03,3.950e-01,4.600e-03
-6.813e+00,1.737e-02,7.990e+01,2.356e-03,-1.854e+01,8.232e-03,3.970e-01,4.750e-03
-6.671e+00,1.759e-02,8.030e+01,2.400e-03,-1.818e+01,8.360e-03,3.990e-01,5.200e-03
-6.529e+00,1.730e-02,8.070e+01,2.423e-03,-1.782e+01,8.263e-03,4.010e-01,3.850e-03
-6.387e+00,1.725e-02,8.110e+01,2.445e-03,-1.746e+01,8.330e-03,4.030e-01,4.800e-03
-6.245e+00,1.745e-02,8.150e+01,2.441e-03,-1.710e+01,8.291e-03,4.050e-01,5.150e-03
-6.103e+00,1.739e-02,8.190e+01,2.462e-03,-1.674e+01,8.394e-03,4.070e-01,4.500e-03
-5.961e+00,1.733e-02,8.230e+01,2.561e-03,-1.638e+01,8.358e-03,4.090e-01,4.150e-03
-5.819e+00,1.742e-02,8.270e+01,2.494e-03,-1.602e+01,8.488e-03,4.110e-01,3.900e-03
-5.677e+00,1.747e-02,8.310e+01,2.600e-03,-1.566e+01,8.317e-03,4.130e-01,3.700e-03
-5.535e+00,1.760e-02,8.350e+01,2.619e-03,-1.530e+01,8.411e-03,4.150e-01,4.700e-03
-5.393e+00,1.750e-02,8.390e+01,2.615e-03,-1.494e+01,8.336e-03,4.170e-01,3.600e-03
-5.251e+00,1.755e-02,8.430e+01,2.722e-03,-1.458e+01,8.510e-03,4.190e-01,3.600e-03
-5.109e+00,1.755e-02,8.470e+01,2.697e-03,-1.422e+01,8.512e-03,4.210e-01,3.750e-03
-4.967e+00,1.749e-02,8.510e+01,2.727e-03,-1.386e+01,8.603e-03,4.230e-01,3.400e-03
-4.825e+00,1.747e-02,8.550e+01,2.696e-03,-1.350e+01,8.542e-03,4.250e-01,3.550e-03
-4.683e+00,1.749e-02,8.590e+01,2.726e-03,-1.314e+01,8.580e-03,4.270e-01,3.200e-03
-4.541e+00,1.739e-02,8.630e+01,2.869e-03,-1.278e+01,8.606e-03,4.290e-01,4.050e-03
-4.399e+00,1.764e-02,8.670e+01,2.766e-03,-1.242e+01,8.536e-03,4.310e-01,3.400e-03
-4.257e+00,1.747e-02,8.710e+01,2.814e-03,-1.206e+01,8.611e-03,4.330e-01,3.350e-03
-4.115e+00,1.756e-02,8.750e+01,2.816e-03,-1.170e+01,8.501e-03,4.350e-01,2.750e-03
-3.973e+00,1.753e-02,8.790e+01,2.812e-03,-1.134e+01,8.534e-03,4.370e-01,2.450e-03
-3.831e+00,1.755e-02,8.830e+01,2.838e-03,-1.098e+01,8.575e-03,4.390e-01,3.050e-03
-3.689e+00,1.758e-02,8.870e+01,2.902e-03,-1.062e+01,8.567e-03,4.410e-01,2.750e-03
-3.547e+00,1.778e-02,8.910e+01,2.957e-03,-1.026e+01,8.624e-03,4.430e-01,3.150e-03
-3.405e+00,1.781e-02,8.950e+01,2.997e-03,-9.900e+00,8.582e-03,4.450e-01,2.500e-03
-3.263e+00,1.777e-02,8.990e+01,3.003e-03,-9.540e+00,8.597e-03,4.470e-01,2.750e-03
-3.121e+00,1.770e-02,9.030e+01,3.014e-03,-9.180e+00,8.669e-03,4.490e-01,2.500e-03
-2.979e+00,1.770e-02,9.070e+01,3.012e-03,-8.820e+00,8.661e-03,4.510e-01,2.700e-03
-2.837e+00,1.780e-02,9.110e+01,3.101e-03,-8.460e+00,8.657e-03,4.530e-01,2.200e-03
-2.695e+00,1.775e-02,9.150e+01,3.141e-03,-8.100e+00,8.638e-03,4.550e-01,3.300e-03
-2.553e+00,1.755e-02,9.190e+01,3.161e-03,-7.740e+00,8.675e-03,4.570e-01,2.700e-03
-2.411e+00,1.767e-02,9.230e+01,3.189e-03,-7.380e+00,8.618e-03,4.590e-01,2.850e-03
-2.269e+00,1.782e-02,9.270e+01,3.207e-03,-7.020e+00,8.706e-03,4.610e-01,2.100e-03
-2.127e+00,1.764e-02,9.310e+01,3.256e-03,-6.660e+00,8.577e-03,4.630e-01,2.250e-03
-1.985e+00,1.780e-02,9.350e+01,3.228e-03,-6.300e+00,8.590e-03,4.650e-01,2.350e-03
-1.843e+00,1.771e-02,9.390e+01,3.354e-03,-5.940e+00,8.666e-03,4.670e-01,2.450e-03
-1.701e+00,1.779e-02,9.430e+01,3.354e-03,-5.580e+00,8.649e-03,4.690e-01,1.750e-03
-1.559e+00,1.757e-02,9.470e+01,3.378e-03,-5.220e+00,8.658e-03,4.710e-01,2.050e-03
-1.417e+00,1.771e-02,9.510e+01,3.343e-03,-4.860e+00,8.619e-03,4.730e-01,2.700e-03
-1.275e+00,1.774e-02,9.550e+01,3.383e-03,-4.500e+00,8.716e-03,4.750e-01,2.100e-03
-1.133e+00,1.751e-02,9.590e+01,3.453e-03,-4.140e+00,8.649e-03,4.770e-01,1.850e-03
-9.910e-01,1.764e-02,9.630e+01,3.431e-03,-3.780e+00,8.774e-03,4.790e-01,2.350e-03
-8.490e-01,1.780e-02,9.670e+01,3.478e-03,-3.420e+00,8.688e-03,4.810e-01,1.900e-03
-7.070e-01,1.798e-02,9.710e+01,3.651e-03,-3.060e+00,8.749e-03,4.830e-01,1.950e-03
-5.650e-01,1.779e-02,9.750e+01,3.526e-03,-2.700e+00,8.694e-03,4.850e-01,1.750e-03
-4.230e-01,1.781e-02,9.790e+01,3.553e-03,-2.340e+00,8.635e-03,4.870e-01,1.950e-03
-2.810e-01,1.786e-02,9.830e+01,3.630e-03,-1.980e+00,8.790e-03,4.890e-01,2.450e-03
-1.390e-01,1.779e-02,9.870e+01,3.491e-03,-1.620e+00,8.762e-03,4.910e-01,1.800e-03
3.000e-03,1.764e-02,9.910e+01,3.625e-03,-1.260e+00,8.777e-03,4.930e-01,2.350e-03
1.450e-01,1.775e-02,9.950e+01,3.698e-03,-9.000e-01,8.639e-03,4.950e-01,2.100e-03
2.870e-01,1.779e-02,9.990e+01,3.725e-03,-5.400e-01,8.727e-03,4.970e-01,2.350e-03
4.290e-01,1.773e-02,1.003e+02,3.780e-03,-1.800e-01,8.732e-03,4.990e-01,1.750e-03
5.710e-01,1.792e-02,1.007e+02,3.816e-03,1.800e-01,8.764e-03,5.010e-01,1.900e-03
7.130e-01,1.776e-02,1.011e+02,3.880e-03,5.400e-01,8.679e-03,5.030e-01,1.800e-03
8.550e-01,1.766e-02,1.015e+02,3.868e-03,9.000e-01,8.747e-03,5.050e-01,2.050e-03
9.970e-01,1.770e-02,1.019e+02,3.928e-03,1.260e+00,8.789e-03,5.070e-01,1.250e-03
1.139e+00,1.783e-02,1.023e+02,3.903e-03,1.620e+00,8.647e-03,5.090e-01,1.650e-03
1.281e+00,1.777e-02,1.027e+02,3.895e-03,1.980e+00,8.749e-03,5.110e-01,2.250e-03
1.423e+00,1.778e-02,1.031e+02,3.983e-03,2.340e+00,8.804e-03,5.130e-01,1.300e-03
1.565e+00,1.783e-02,1.035e+02,4.006e-03,2.700e+00,8.686e-03,5.150e-01,1.300e-03
1.707e+00,1.771e-02,1.039e+02,4.002e-03,3.060e+00,8.693e-03,5.170e-01,1.700e-03
1.849e+00,1.760e-02,1.043e+02,3.996e-03,3.420e+00,8.724e-03,5.190e-01,1.550e-03
1.991e+00,1.774e-02,1.047e+02,4.105e-03,3.780e+00,8.717e-03,5.210e-01,1.550e-03
2.133e+00,1.787e-02,1.051e+02,4.127e-03,4.140e+00,8.712e-03,5.230e-01,1.700e-03
2.275e+00,1.759e-02,1.055e+02,4.130e-03,4.500e+00,8.806e-03,5.250e-01,1.200e-03
2.417e+00,1.782e-02,1.059e+02,4.159e-03,4.860e+00,8.659e-03,5.270e-01,1.350e-03
2.559e+00,1.744e-02,1.063e+02,4.233e-03,5.220e+00,8.630e-03,5.290e-01,1.650e-03
2.701e+00,1.776e-02,1.067e+02,4.232e-03,5.580e+00,8.646e-03,5.310e-01,1.400e-03
2.843e+00,1.767e-02,1.071e+02,4.310e-03,5.940e+00,8.685e-03,5.330e-01,1.300e-03
2.985e+00,1.771e-02,1.075e+02,4.269e-03,6.300e+00,8.716e-03,5.350e-01,1.350e-03
3.127e+00,1.781e-02,1.079e+02,4.275e-03,6.660e+00,8.678e-03,5.370e-01,1.000e-03
3.269e+00,1.773e-02,1.083e+02,4.319e-03,7.020e+00,8.559e-03,5.390e-01,1.400e-03
3.411e+00,1.753e-02,1.087e+02,4.409e-03,7.380e+00,8.688e-03,5.410e-01,2.100e-03
3.553e+00,1.762e-02,1.091e+02,4.487e-03,7.740e+00,8.558e-03,5.430e-01,1.300e-03
3.695e+00,1.777e-02,1.095e+02,4.550e-03,8.100e+00,8.615e-03,5.450e-01,1.300e-03
3.837e+00,1.767e-02,1.099e+02,4.523e-03,8.460e+00,8.689e-03,5.470e-01,1.100e-03
3.979e+00,1.754e-02,1.103e+02,4.561e-03,8.820e+00,8.595e-03,5.490e-01,8.500e-04
4.121e+00,1.773e-02,1.107e+02,4.538e-03,9.180e+00,8.696e-03,5.510e-01,9.000e-04
4.263e+00,1.781e-02,1.111e+02,4.634e-03,9.540e+00,8.568e-03,5.530e-01,1.100e-03
4.405e+00,1.752e-02,1.115e+02,4.586e-03,9.900e+00,8.533e-03,5.550e-01,1.300e-03
4.547e+00,1.761e-02,1.119e+02,4.611e-03,1.026e+01,8.582e-03,5.570e-01,1.350e-03
4.689e+00,1.756e-02,1.123e+02,4.664e-03,1.062e+01,8.577e-03,5.590e-01,1.250e-03
4.831e+00,1.747e-02,1.127e+02,4.689e-03,1.098e+01,8.552e-03,5.610e-01,9.000e-04
4.973e+00,1.755e-02,1.131e+02,4.736e-03,1.134e+01,8.446e-03,5.630e-01,7.500e-04
5.115e+00,1.737e-02,1.135e+02,4.863e-03,1.170e+01,8.592e-03,5.650e-01,1.000e-03
5.257e+00,1.761e-02,1.139e+02,4.787e-03,1.206e+01,8.541e-03,5.670e-01,1.600e-03
5.399e+00,1.742e-02,1.143e+02,4.804e-03,1.242e+01,8.554e-03,5.690e-01,1.200e-03
5.541e+00,1.730e-02,1.147e+02,4.953e-03,1.278e+01,8.536e-03,5.710e-01,1.100e-03
5.683e+00,1.739e-02,1.151e+02,4.909e-03,1.314e+01,8.463e-03,5.730e-01,9.500e-04
5.825e+00,1.733e-02,1.155e+02,5.004e-03,1.350e+01,8.489e-03,5.750e-01,1.100e-03
5.967e+00,1.758e-02,1.159e+02,4.974e-03,1.386e+01,8.449e-03,5.770e-01,8.000e-04
6.109e+00,1.760e-02,1.163e+02,5.051e-03,1.422e+01,8.438e-03,5.790e-01,7.500e-04
6.251e+00,1.734e-02,1.167e+02,5.076e-03,1.458e+01,8.459e-03,5.810e-01,1.050e-03
6.393e+00,1.746e-02,1.171e+02,5.109e-03,1.494e+01,8.354e-03,5.830e-01,7.500e-04
6.535e+00,1.743e-02,1.175e+02,5.101e-03,1.530e+01,8.450e-03,5.850e-01,1.200e-03
6.677e+00,1.744e-02,1.179e+02,5.155e-03,1.566e+01,8.361e-03,5.870e-01,1.050e-03
6.819e+00,1.732e-02,1.183e+02,5.224e-03,1.602e+01,8.506e-03,5.890e-01,7.500e-04
6.961e+00,1.724e-02,1.187e+02,5.176e-03,1.638e+01,8.371e-03,5.910e-01,6.500e-04
7.103e+00,1.722e-02,1.191e+02,5.335e-03,1.674e+01,8.292e-03,5.930e-01,1.250e-03
7.245e+00,1.732e-02,1.195e+02,5.246e-03,1.710e+01,8.327e-03,5.950e-01,8.000e-04
7.387e+00,1.714e-02,1.199e+02,5.381e-03,1.746e+01,8.269e-03,5.970e-01,1.150e-03
7.529e+00,1.725e-02,1.203e+02,5.405e-03,1.782e+01,8.303e-03,5.990e-01,1.000e-03
7.671e+00,1.716e-02,1.207e+02,5.318e-03,1.818e+01,8.288e-03,6.010e-01,1.050e-03
7.813e+00,1.718e-02,1.211e+02,5.450e-03,1.854e+01,8.314e-03,6.030e-01,6.500e-04
7.955e+00,1.708e-02,1.215e+02,5.544e-03,1.890e+01,8.234e-03,6.050e-01,1.550e-03
8.097e+00,1.732e-02,1.219e+02,5.587e-03,1.926e+01,8.191e-03,6.070e-01,6.500e-04
8.239e+00,1.699e-02,1.223e+02,5.580e-03,1.962e+01,8.099e-03,6.090e-01,9.500e-04
8.381e+00,1.714e-02,1.227e+02,5.594e-03,1.998e+01,8.160e-03,6.110e-01,6.500e-04
8.523e+00,1.711e-02,1.231e+02,5.669e-03,2.034e+01,8.212e-03,6.130e-01,9.500e-04
8.665e+00,1.678e-02,1.235e+02,5.786e-03,2.070e+01,8.199e-03,6.150e-01,5.500e-04
8.807e+00,1.721e-02,1.239e+02,5.644e-03,2.106e+01,8.166e-03,6.170e-01,8.000e-04
8.949e+00,1.707e-02,1.243e+02,5.756e-03,2.142e+01,8.178e-03,6.190e-01,7.500e-04
9.091e+00,1.700e-02,1.247e+02,5.772e-03,2.178e+01,8.178e-03,6.210e-01,7.500e-04
9.233e+00,1.700e-02,1.251e+02,5.891e-03,2.214e+01,8.067e-03,6.230e-01,7.000e-04
9.375e+00,1.707e-02,1.255e+02,5.870e-03,2.250e+01,8.037e-03,6.250e-01,7.500e-04
9.517e+00,1.691e-02,1.259e+02,5.959e-03,2.286e+01,8.042e-03,6.270e-01,5.000e-04
9.659e+00,1.695e-02,1.263e+02,5.883e-03,2.322e+01,7.910e-03,6.290e-01,7.500e-04
9.801e+00,1.685e-02,1.267e+02,5.903e-03,2.358e+01,7.976e-03,6.310e-01,7.500e-04
9.943e+00,1.674e-02,1.271e+02,5.981e-03,2.394e+01,7.942e-03,6.330e-01,8.500e-04
1.008e+01,1.677e-02,1.275e+02,6.107e-03,2.430e+01,7.912e-03,6.350e-01,9.000e-04
1.023e+01,1.674e-02,1.279e+02,6.074e-03,2.466e+01,7.958e-03,6.370e-01,7.000e-04
1.037e+01,1.675e-02,1.283e+02,6.137e-03,2.502e+01,7.877e-03,6.390e-01,6.000e-04
1.051e+01,1.688e-02,1.287e+02,6.165e-03,2.538e+01,7.898e-03,6.410e-01,5.000e-04
1.065e+01,1.678e-02,1.291e+02,6.293e-03,2.574e+01,7.844e-03,6.430e-01,5.500e-04
1.079e+01,1.696e-02,1.295e+02,6.210e-03,2.610e+01,7.882e-03,6.450e-01,7.000e-04
1.094e+01,1.662e-02,1.299e+02,6.249e-03,2.646e+01,7.774e-03,6.470e-01,5.500e-04
1.108e+01,1.660e-02,1.303e+02,6.325e-03,2.682e+01,7.816e-03,6.490e-01,6.000e-04
1.122e+01,1.643e-02,1.307e+02,6.329e-03,2.718e+01,7.722e-03,6.510e-01,6.000e-04
1.136e+01,1.667e-02,1.311e+02,6.379e-03,2.754e+01,7.777e-03,6.530e-01,9.500e-04
1.150e+01,1.657e-02,1.315e+02,6.459e-03,2.790e+01,7.700e-03,6.550e-01,8.000e-04
1.165e+01,1.642e-02,1.319e+02,6.471e-03,2.826e+01,7.604e-03,6.570e-01,4.500e-04
1.179e+01,1.660e-02,1.323e+02,6.425e-03,2.862e+01,7.642e-03,6.590e-01,4.500e-04
1.193e+01,1.650e-02,1.327e+02,6.596e-03,2.898e+01,7.645e-03,6.610e-01,3.000e-04
1.207e+01,1.632e-02,1.331e+02,6.539e-03,2.934e+01,7.497e-03,6.630e-01,7.000e-04
1.221e+01,1.635e-02,1.335e+02,6.480e-03,2.970e+01,7.654e-03,6.650e-01,5.500e-04
1.236e+01,1.634e-02,1.339e+02,6.717e-03,3.006e+01,7.541e-03,6.670e-01,6.500e-04
1.250e+01,1.614e-02,1.343e+02,6.753e-03,3.042e+01,7.466e-03,6.690e-01,8.000e-04
1.264e+01,1.621e-02,1.347e+02,6.695e-03,3.078e+01,7.465e-03,6.710e-01,2.000e-04
1.278e+01,1.635e-02,1.351e+02,6.798e-03,3.114e+01,7.444e-03,6.730e-01,7.000e-04
1.292e+01,1.634e-02,1.355e+02,6.883e-03,3.150e+01,7.408e-03,6.750e-01,6.000e-04
1.307e+01,1.618e-02,1.359e+02,6.880e-03,3.186e+01,7.407e-03,6.770e-01,6.000e-04
1.321e+01,1.620e-02,1.363e+02,6.825e-03,3.222e+01,7.445e-03,6.790e-01,3.500e-04
1.335e+01,1.604e-02,1.367e+02,6.955e-03,3.258e+01,7.387e-03,6.810e-01,5.500e-04
1.349e+01,1.630e-02,1.371e+02,6.955e-03,3.294e+01,7.304e-03,6.830e-01,6.000e-04
1.363e+01,1.631e-02,1.375e+02,6.969e-03,3.330e+01,7.201e-03,6.850e-01,5.500e-04
1.378e+01,1.614e-02,1.379e+02,7.000e-03,3.366e+01,7.242e-03,6.870e-01,4.000e-04
1.392e+01,1.592e-02,1.383e+02,7.164e-03,3.402e+01,7.214e-03,6.890e-01,6.000e-04
1.406e+01,1.597e-02,1.387e+02,7.153e-03,3.438e+01,7.256e-03,6.910e-01,4.000e-04
1.420e+01,1.583e-02,1.391e+02,7.132e-03,3.474e+01,7.129e-03,6.930e-01,5.000e-04
1.434e+01,1.596e-02,1.395e+02,7.271e-03,3.510e+01,7.206e-03,6.950e-01,5.000e-04
1.449e+01,1.576e-02,1.399e+02,7.294e-03,3.546e+01,7.069e-03,6.970e-01,5.000e-04
1.463e+01,1.584e-02,1.403e+02,7.337e-03,3.582e+01,7.185e-03,6.990e-01,2.500e-04
1.477e+01,1.577e-02,1.407e+02,7.449e-03,3.618e+01,7.021e-03,7.010e-01,4.000e-04
1.491e+01,1.568e-02,1.411e+02,7.435e-03,3.654e+01,7.002e-03,7.030e-01,5.000e-04
1.505e+01,1.574e-02,1.415e+02,7.493e-03,3.690e+01,6.965e-03,7.050e-01,4.500e-04
1.520e+01,1.551e-02,1.419e+02,7.518e-03,3.726e+01,6.986e-03,7.070e-01,3.000e-04
1.534e+01,1.559e-02,1.423e+02,7.568e-03,3.762e+01,6.923e-03,7.090e-01,4.500e-04
1.548e+01,1.558e-02,1.427e+02,7.547e-03,3.798e+01,6.897e-03,7.110e-01,5.000e-04
1.562e+01,1.553e-02,1.431e+02,7.546e-03,3.834e+01,6.824e-03,7.130e-01,4.500e-04
1.576e+01,1.544e-02,1.435e+02,7.673e-03,3.870e+01,6.756e-03,7.150e-01,4.500e-04
1.591e+01,1.544e-02,1.439e+02,7.753e-03,3.906e+01,6.799e-03,7.170e-01,5.000e-04
1.605e+01,1.537e-02,1.443e+02,7.847e-03,3.942e+01,6.724e-03,7.190e-01,3.000e-04
1.619e+01,1.543e-02,1.447e+02,7.706e-03,3.978e+01,6.737e-03,7.210e-01,1.500e-04
1.633e+01,1.522e-02,1.451e+02,7.870e-03,4.014e+01,6.731e-03,7.230e-01,7.000e-04
1.647e+01,1.525e-02,1.455e+02,7.892e-03,4.050e+01,6.710e-03,7.250e-01,4.500e-04
1.662e+01,1.517e-02,1.459e+02,7.942e-03,4.086e+01,6.608e-03,7.270e-01,4.500e-04
1.676e+01,1.512e-02,1.463e+02,7.903e-03,4.122e+01,6.540e-03,7.290e-01,3.000e-04
1.690e+01,1.523e-02,1.467e+02,7.994e-03,4.158e+01,6.561e-03,7.310e-01,4.500e-04
1.704e+01,1.516e-02,1.471e+02,8.199e-03,4.194e+01,6.401e-03,7.330e-01,5.000e-04
1.718e+01,1.489e-02,1.475e+02,8.104e-03,4.230e+01,6.469e-03,7.350e-01,3.000e-04
1.733e+01,1.507e-02,1.479e+02,8.266e-03,4.266e+01,6.377e-03,7.370e-01,3.000e-04
1.747e+01,1.504e-02,1.483e+02,8.193e-03,4.302e+01,6.347e-03,7.390e-01,5.000e-04
1.761e+01,1.493e-02,1.487e+02,8.287e-03,4.338e+01,6.355e-03,7.410e-01,2.500e-04
1.775e+01,1.478e-02,1.491e+02,8.311e-03,4.374e+01,6.358e-03,7.430e-01,6.000e-04
1.789e+01,1.486e-02,1.495e+02,8.412e-03,4.410e+01,6.270e-03,7.450e-01,5.500e-04
1.804e+01,1.473e-02,1.499e+02,8.274e-03,4.446e+01,6.241e-03,7.470e-01,2.500e-04
1.818e+01,1.463e-02,1.503e+02,8.399e-03,4.482e+01,6.220e-03,7.490e-01,5.500e-04
1.832e+01,1.461e-02,1.507e+02,8.482e-03,4.518e+01,6.099e-03,7.510e-01,2.500e-04
1.846e+01,1.453e-02,1.511e+02,8.518e-03,4.554e+01,6.057e-03,7.530e-01,4.500e-04
1.860e+01,1.481e-02,1.515e+02,8.631e-03,4.590e+01,5.991e-03,7.550e-01,2.000e-04
1.875e+01,1.434e-02,1.519e+02,8.576e-03,4.626e+01,6.027e-03,7.570e-01,4.000e-04
1.889e+01,1.447e-02,1.523e+02,8.636e-03,4.662e+01,5.986e-03,7.590e-01,3.500e-04
1.903e+01,1.454e-02,1.527e+02,8.628e-03,4.698e+01,5.935e-03,7.610e-01,5.000e-04
1.917e+01,1.435e-02,1.531e+02,8.818e-03,4.734e+01,5.834e-03,7.630e-01,4.500e-04
1.931e+01,1.447e-02,1.535e+02,8.734e-03,4.770e+01,5.889e-03,7.650e-01,2.500e-04
1.946e+01,1.427e-02,1.539e+02,8.725e-03,4.806e+01,5.858e-03,7.670e-01,4.000e-04
1.960e+01,1.413e-02,1.543e+02,8.903e-03,4.842e+01,5.769e-03,7.690e-01,2.000e-04
1.974e+01,1.432e-02,1.547e+02,8.935e-03,4.878e+01,5.751e-03,7.710e-01,2.500e-04
1.988e+01,1.422e-02,1.551e+02,8.954e-03,4.914e+01,5.756e-03,7.730e-01,3.000e-04
2.002e+01,1.396e-02,1.555e+02,8.924e-03,4.950e+01,5.616e-03,7.750e-01,3.500e-04
2.017e+01,1.404e-02,1.559e+02,9.093e-03,4.986e+01,5.647e-03,7.770e-01,4.500e-04
2.031e+01,1.406e-02,1.563e+02,8.981e-03,5.022e+01,5.605e-03,7.790e-01,1.500e-04
2.045e+01,1.402e-02,1.567e+02,9.119e-03,5.058e+01,5.575e-03,7.810e-01,3.000e-04
2.059e+01,1.384e-02,1.571e+02,9.238e-03,5.094e+01,5.508e-03,7.830e-01,2.000e-04
2.073e+01,1.368e-02,1.575e+02,9.235e-03,5.130e+01,5.467e-03,7.850e-01,4.000e-04
2.088e+01,1.380e-02,1.579e+02,9.346e-03,5.166e+01,5.439e-03,7.870e-01,3.500e-04
2.102e+01,1.370e-02,1.583e+02,9.375e-03,5.202e+01,5.314e-03,7.890e-01,3.000e-04
2.116e+01,1.379e-02,1.587e+02,9.326e-03,5.238e+01,5.323e-03,7.910e-01,1.500e-04
2.130e+01,1.371e-02,1.591e+02,9.450e-03,5.274e+01,5.216e-03,7.930e-01,3.000e-04
2.144e+01,1.367e-02,1.595e+02,9.489e-03,5.310e+01,5.206e-03,7.950e-01,2.500e-04
2.159e+01,1.353e-02,1.599e+02,9.511e-03,5.346e+01,5.186e-03,7.970e-01,5.000e-04
2.173e+01,1.351e-02,1.603e+02,9.582e-03,5.382e+01,5.187e-03,7.990e-01,2.000e-04
2.187e+01,1.330e-02,1.607e+02,9.634e-03,5.418e+01,5.140e-03,8.010e-01,2.000e-04
2.201e+01,1.335e-02,1.611e+02,9.587e-03,5.454e+01,5.093e-03,8.030e-01,4.000e-04
2.215e+01,1.329e-02,1.615e+02,9.640e-03,5.490e+01,4.980e-03,8.050e-01,3.500e-04
2.230e+01,1.335e-02,1.619e+02,9.796e-03,5.526e+01,5.040e-03,8.070e-01,5.500e-04
2.244e+01,1.319e-02,1.623e+02,9.790e-03,5.562e+01,4.928e-03,8.090e-01,3.500e-04
2.258e+01,1.304e-02,1.627e+02,9.891e-03,5.598e+01,4.836e-03,8.110e-01,3.000e-04
2.272e+01,1.306e-02,1.631e+02,9.819e-03,5.634e+01,4.822e-03,8.130e-01,3.500e-04
2.286e+01,1.310e-02,1.635e+02,9.962e-03,5.670e+01,4.805e-03,8.150e-01,3.000e-04
2.301e+01,1.292e-02,1.639e+02,1.018e-02,5.706e+01,4.736e-03,8.170e-01,2.500e-04
2.315e+01,1.297e-02,1.643e+02,1.008e-02,5.742e+01,4.693e-03,8.190e-01,1.000e-04
2.329e+01,1.290e-02,1.647e+02,1.010e-02,5.778e+01,4.684e-03,8.210e-01,5.000e-05
2.343e+01,1.285e-02,1.651e+02,1.019e-02,5.814e+01,4.602e-03,8.230e-01,1.500e-04
2.357e+01,1.273e-02,1.655e+02,1.012e-02,5.850e+01,4.579e-03,8.250e-01,2.500e-04
2.372e+01,1.269e-02,1.659e+02,1.024e-02,5.886e+01,4.519e-03,8.270e-01,2.500e-04
2.386e+01,1.264e-02,1.663e+02,1.013e-02,5.922e+01,4.444e-03,8.290e-01,2.000e-04
2.400e+01,1.256e-02,1.667e+02,1.038e-02,5.958e+01,4.361e-03,8.310e-01,3.000e-04
2.414e+01,1.261e-02,1.671e+02,1.033e-02,5.994e+01,4.381e-03,8.330e-01,5.500e-04
2.428e+01,1.245e-02,1.675e+02,1.028e-02,6.030e+01,4.413e-03,8.350e-01,3.000e-04
2.443e+01,1.245e-02,1.679e+02,1.045e-02,6.066e+01,4.290e-03,8.370e-01,1.000e-04
2.457e+01,1.232e-02,1.683e+02,1.049e-02,6.102e+01,4.202e-03,8.390e-01,1.500e-04
2.471e+01,1.228e-02,1.687e+02,1.066e-02,6.138e+01,4.171e-03,8.410e-01,1.500e-04
2.485e+01,1.219e-02,1.691e+02,1.057e-02,6.174e+01,4.108e-03,8.430e-01,1.000e-04
2.499e+01,1.214e-02,1.695e+02,1.078e-02,6.210e+01,4.091e-03,8.450e-01,3.500e-04
2.514e+01,1.200e-02,1.699e+02,1.070e-02,6.246e+01,4.040e-03,8.470e-01,2.000e-04
2.528e+01,1.223e-02,1.703e+02,1.077e-02,6.282e+01,4.010e-03,8.490e-01,2.000e-04
2.542e+01,1.186e-02,1.707e+02,1.089e-02,6.318e+01,3.959e-03,8.510e-01,2.000e-04
2.556e+01,1.203e-02,1.711e+02,1.082e-02,6.354e+01,3.901e-03,8.530e-01,2.000e-04
2.570e+01,1.180e-02,1.715e+02,1.085e-02,6.390e+01,3.819e-03,8.550e-01,3.000e-04
2.585e+01,1.179e-02,1.719e+02,1.097e-02,6.426e+01,3.806e-03,8.570e-01,2.500e-04
2.599e+01,1.157e-02,1.723e+02,1.111e-02,6.462e+01,3.702e-03,8.590e-01,2.000e-04
2.613e+01,1.181e-02,1.727e+02,1.089e-02,6.498e+01,3.688e-03,8.610e-01,1.000e-04
2.627e+01,1.156e-02,1.731e+02,1.110e-02,6.534e+01,3.632e-03,8.630e-01,2.000e-04
2.641e+01,1.147e-02,1.735e+02,1.118e-02,6.570e+01,3.614e-03,8.650e-01,1.500e-04
2.656e+01,1.166e-02,1.739e+02,1.123e-02,6.606e+01,3.539e-03,8.670e-01,0.000e+00
2.670e+01,1.147e-02,1.743e+02,1.130e-02,6.642e+01,3.458e-03,8.690e-01,2.500e-04
2.684e+01,1.148e-02,1.747e+02,1.156e-02,6.678e+01,3.458e-03,8.710e-01,3.000e-04
2.698e+01,1.124e-02,1.751e+02,1.134e-02,6.714e+01,3.402e-03,8.730e-01,4.000e-04
2.712e+01,1.115e-02,1.755e+02,1.146e-02,6.750e+01,3.335e-03,8.750e-01,1.500e-04
2.727e+01,1.123e-02,1.759e+02,1.156e-02,6.786e+01,3.308e-03,8.770e-01,2.000e-04
2.741e+01,1.117e-02,1.763e+02,1.157e-02,6.822e+01,3.219e-03,8.790e-01,1.500e-04
2.755e+01,1.118e-02,1.767e+02,1.163e-02,6.858e+01,3.179e-03,8.810e-01,1.000e-04
2.769e+01,1.098e-02,1.771e+02,1.177e-02,6.894e+01,3.128e-03,8.830e-01,0.000e+00
2.783e+01,1.093e-02,1.775e+02,1.179e-02,6.930e+01,3.099e-03,8.850e-01,1.000e-04
2.798e+01,1.092e-02,1.779e+02,1.173e-02,6.966e+01,3.014e-03,8.870e-01,1.000e-04
2.812e+01,1.085e-02,1.783e+02,1.168e-02,7.002e+01,3.025e-03,8.890e-01,2.500e-04
2.826e+01,1.077e-02,1.787e+02,1.197e-02,7.038e+01,2.906e-03,8.910e-01,2.500e-04
2.840e+01,1.058e-02,1.791e+02,1.193e-02,7.074e+01,2.901e-03,8.930e-01,3.000e-04
2.854e+01,1.048e-02,1.795e+02,1.206e-02,7.110e+01,2.801e-03,8.950e-01,2.500e-04
2.869e+01,1.062e-02,1.799e+02,1.204e-02,7.146e+01,2.769e-03,8.970e-01,1.500e-04
2.883e+01,1.047e-02,1.803e+02,1.198e-02,7.182e+01,2.703e-03,8.990e-01,1.000e-04
2.897e+01,1.041e-02,1.807e+02,1.214e-02,7.218e+01,2.646e-03,9.010e-01,2.500e-04
2.911e+01,1.071e-02,1.811e+02,1.220e-02,7.254e+01,2.624e-03,9.030e-01,1.500e-04
2.925e+01,1.028e-02,1.815e+02,1.220e-02,7.290e+01,2.606e-03,9.050e-01,1.500e-04
2.940e+01,1.021e-02,1.819e+02,1.226e-02,7.326e+01,2.508e-03,9.070e-01,2.500e-04
2.954e+01,1.022e-02,1.823e+02,1.240e-02,7.362e+01,2.496e-03,9.090e-01,1.000e-04
2.968e+01,1.023e-02,1.827e+02,1.237e-02,7.398e+01,2.382e-03,9.110e-01,2.500e-04
2.982e+01,1.004e-02,1.831e+02,1.280e-02,7.434e+01,2.363e-03,9.130e-01,1.000e-04
2.996e+01,1.002e-02,1.835e+02,1.246e-02,7.470e+01,2.306e-03,9.150e-01,3.000e-04
3.011e+01,9.995e-03,1.839e+02,1.266e-02,7.506e+01,2.239e-03,9.170e-01,5.000e-05
3.025e+01,9.957e-03,1.843e+02,1.272e-02,7.542e+01,2.174e-03,9.190e-01,3.000e-04
3.039e+01,9.909e-03,1.847e+02,1.282e-02,7.578e+01,2.105e-03,9.210e-01,1.000e-04
3.053e+01,9.740e-03,1.851e+02,1.271e-02,7.614e+01,2.114e-03,9.230e-01,2.000e-04
3.067e+01,9.858e-03,1.855e+02,1.284e-02,7.650e+01,2.051e-03,9.250e-01,4.500e-04
3.082e+01,9.576e-03,1.859e+02,1.285e-02,7.686e+01,1.963e-03,9.270e-01,2.500e-04
3.096e+01,9.670e-03,1.863e+02,1.293e-02,7.722e+01,1.929e-03,9.290e-01,1.000e-04
3.110e+01,9.664e-03,1.867e+02,1.301e-02,7.758e+01,1.896e-03,9.310e-01,1.500e-04
3.124e+01,9.436e-03,1.871e+02,1.305e-02,7.794e+01,1.852e-03,9.330e-01,1.500e-04
3.138e+01,9.430e-03,1.875e+02,1.311e-02,7.830e+01,1.741e-03,9.350e-01,2.000e-04
3.153e+01,9.331e-03,1.879e+02,1.319e-02,7.866e+01,1.703e-03,9.370e-01,5.000e-05
3.167e+01,9.228e-03,1.883e+02,1.321e-02,7.902e+01,1.664e-03,9.390e-01,1.500e-04
3.181e+01,9.113e-03,1.887e+02,1.332e-02,7.938e+01,1.610e-03,9.410e-01,5.000e-05
3.195e+01,9.220e-03,1.891e+02,1.320e-02,7.974e+01,1.542e-03,9.430e-01,0.000e+00
3.209e+01,9.029e-03,1.895e+02,1.335e-02,8.010e+01,1.484e-03,9.450e-01,5.000e-05
3.224e+01,8.987e-03,1.899e+02,1.336e-02,8.046e+01,1.427e-03,9.470e-01,1.500e-04
3.238e+01,8.860e-03,1.903e+02,1.343e-02,8.082e+01,1.387e-03,9.490e-01,1.000e-04
3.252e+01,8.722e-03,1.907e+02,1.373e-02,8.118e+01,1.369e-03,9.510e-01,1.500e-04
3.266e+01,8.809e-03,1.911e+02,1.349e-02,8.154e+01,1.309e-03,9.530e-01,1.000e-04
3.280e+01,8.562e-03,1.915e+02,1.362e-02,8.190e+01,1.245e-03,9.550e-01,5.000e-05
3.295e+01,8.660e-03,1.919e+02,1.356e-02,8.226e+01,1.193e-03,9.570e-01,3.500e-04
3.309e+01,8.777e-03,1.923e+02,1.372e-02,8.262e+01,1.092e-03,9.590e-01,2.500e-04
3.323e+01,8.514e-03,1.927e+02,1.379e-02,8.298e+01,1.078e-03,9.610e-01,1.500e-04
3.337e+01,8.492e-03,1.931e+02,1.379e-02,8.334e+01,9.647e-04,9.630e-01,5.000e-05
3.351e+01,8.475e-03,1.935e+02,1.397e-02,8.370e+01,9.950e-04,9.650e-01,1.500e-04
3.366e+01,8.434e-03,1.939e+02,1.407e-02,8.406e+01,9.125e-04,9.670e-01,5.000e-05
3.380e+01,8.150e-03,1.943e+02,1.396e-02,8.442e+01,8.503e-04,9.690e-01,1.500e-04
3.394e+01,8.241e-03,1.947e+02,1.413e-02,8.478e+01,7.972e-04,9.710e-01,2.000e-04
3.408e+01,8.224e-03,1.951e+02,1.415e-02,8.514e+01,7.372e-04,9.730e-01,1.000e-04
3.422e+01,8.167e-03,1.955e+02,1.418e-02,8.550e+01,6.828e-04,9.750e-01,0.000e+00
3.437e+01,8.122e-03,1.959e+02,1.441e-02,8.586e+01,6.253e-04,9.770e-01,2.000e-04
3.451e+01,7.932e-03,1.963e+02,1.426e-02,8.622e+01,5.564e-04,9.790e-01,1.000e-04
3.465e+01,7.979e-03,1.967e+02,1.442e-02,8.658e+01,5.419e-04,9.810e-01,1.500e-04
3.479e+01,7.867e-03,1.971e+02,1.447e-02,8.694e+01,4.761e-04,9.830e-01,0.000e+00
3.493e+01,7.760e-03,1.975e+02,1.444e-02,8.730e+01,4.128e-04,9.850e-01,1.000e-04
3.508e+01,7.750e-03,1.979e+02,1.465e-02,8.766e+01,3.456e-04,9.870e-01,2.000e-04
3.522e+01,7.639e-03,1.983e+02,1.477e-02,8.802e+01,3.014e-04,9.890e-01,5.000e-05
3.536e+01,7.460e-03,1.987e+02,1.478e-02,8.838e+01,2.439e-04,9.910e-01,1.000e-04
3.550e+01,7.530e-03,1.991e+02,1.467e-02,8.874e+01,1.839e-04,9.930e-01,1.000e-04
3.564e+01,7.550e-03,1.995e+02,1.488e-02,8.910e+01,1.475e-04,9.950e-01,5.000e-05
3.579e+01,7.542e-03,1.999e+02,1.487e-02,8.946e+01,8.167e-05,9.970e-01,5.000e-05
3.593e+01,7.425e-03,2.003e+02,1.497e-02,8.982e+01,2.500e-05,9.990e-01,5.000e-05
