-3.493e+01,0.000e+00,7.000e-01,2.300e-05,-8.982e+01,2.833e-05,1.000e-03,2.882e-02
-3.479e+01,0.000e+00,1.100e+00,4.675e-05,-8.946e+01,9.000e-05,3.000e-03,8.556e-02
-3.464e+01,0.000e+00,1.500e+00,7.450e-05,-8.910e+01,1.350e-04,5.000e-03,1.452e-01
-3.450e+01,0.000e+00,1.900e+00,1.295e-04,-8.874e+01,2.025e-04,7.000e-03,2.041e-01
-3.436e+01,0.000e+00,2.300e+00,1.813e-04,-8.838e+01,2.575e-04,9.000e-03,2.594e-01
-3.422e+01,0.000e+00,2.700e+00,2.518e-04,-8.802e+01,3.192e-04,1.100e-02,3.218e-01
-3.408e+01,0.000e+00,3.100e+00,3.423e-04,-8.766e+01,3.925e-04,1.300e-02,3.845e-01
-3.394e+01,0.000e+00,3.500e+00,4.673e-04,-8.730e+01,4.339e-04,1.500e-02,4.414e-01
-3.379e+01,0.000e+00,3.900e+00,5.685e-04,-8.694e+01,4.950e-04,1.700e-02,5.110e-01
-3.365e+01,0.000e+00,4.300e+00,6.898e-04,-8.658e+01,5.636e-04,1.900e-02,5.839e-01
-3.351e+01,0.000e+00,4.700e+00,7.725e-04,-8.622e+01,6.122e-04,2.100e-02,6.406e-01
-3.337e+01,0.000e+00,5.100e+00,9.270e-04,-8.586e+01,6.911e-04,2.300e-02,7.203e-01
-3.323e+01,0.000e+00,5.500e+00,1.097e-03,-8.550e+01,7.114e-04,2.500e-02,7.939e-01
-3.308e+01,0.000e+00,5.900e+00,1.262e-03,-8.514e+01,7.811e-04,2.700e-02,8.766e-01
-3.294e+01,0.000e+00,6.300e+00,1.416e-03,-8.478e+01,8.269e-04,2.900e-02,9.498e-01
-3.280e+01,0.000e+00,6.700e+00,1.644e-03,-8.442e+01,8.994e-04,3.100e-02,1.050e+00
-3.266e+01,0.000e+00,7.100e+00,1.846e-03,-8.406e+01,9.414e-04,3.300e-02,1.181e+00
-3.252e+01,0.000e+00,7.500e+00,2.015e-03,-8.370e+01,9.900e-04,3.500e-02,1.387e+00
-3.237e+01,0.000e+00,7.900e+00,2.199e-03,-8.334e+01,1.083e-03,3.700e-02,1.817e+00
-3.223e+01,0.000e+00,8.300e+00,2.409e-03,-8.298e+01,1.096e-03,3.900e-02,2.614e+00
-3.209e+01,0.000e+00,8.700e+00,2.533e-03,-8.262e+01,1.187e-03,4.100e-02,3.899e+00
-3.195e+01,0.000e+00,9.100e+00,2.728e-03,-8.226e+01,1.241e-03,4.300e-02,5.447e+00
-3.180e+01,0.000e+00,9.500e+00,2.882e-03,-8.190e+01,1.313e-03,4.500e-02,7.069e+00
-3.166e+01,0.000e+00,9.900e+00,3.105e-03,-8.154e+01,1.358e-03,4.700e-02,8.482e+00
-3.152e+01,0.000e+00,1.030e+01,3.274e-03,-8.118e+01,1.408e-03,4.900e-02,9.540e+00
-3.138e+01,0.000e+00,1.070e+01,3.486e-03,-8.082e+01,1.534e-03,5.100e-02,1.029e+01
-3.124e+01,0.000e+00,1.110e+01,3.666e-03,-8.046e+01,1.586e-03,5.300e-02,1.094e+01
-3.109e+01,0.000e+00,1.150e+01,3.862e-03,-8.010e+01,1.644e-03,5.500e-02,1.131e+01
-3.095e+01,0.000e+00,1.190e+01,4.008e-03,-7.974e+01,1.703e-03,5.700e-02,1.155e+01
-3.081e+01,0.000e+00,1.230e+01,4.230e-03,-7.938e+01,1.756e-03,5.900e-02,1.173e+01
-3.067e+01,0.000e+00,1.270e+01,4.518e-03,-7.902e+01,1.798e-03,6.100e-02,1.177e+01
-3.053e+01,0.000e+00,1.310e+01,4.754e-03,-7.866e+01,1.867e-03,6.300e-02,1.174e+01
-3.038e+01,0.000e+00,1.350e+01,4.955e-03,-7.830e+01,1.873e-03,6.500e-02,1.170e+01
-3.024e+01,0.000e+00,1.390e+01,5.135e-03,-7.794e+01,2.017e-03,6.700e-02,1.168e+01
-3.010e+01,0.000e+00,1.430e+01,5.502e-03,-7.758e+01,2.039e-03,6.900e-02,1.158e+01
-2.996e+01,0.000e+00,1.470e+01,5.648e-03,-7.722e+01,2.087e-03,7.100e-02,1.146e+01
-2.982e+01,0.000e+00,1.510e+01,5.916e-03,-7.686e+01,2.184e-03,7.300e-02,1.138e+01
-2.968e+01,0.000e+00,1.550e+01,6.146e-03,-7.650e+01,2.244e-03,7.500e-02,1.125e+01
-2.953e+01,0.000e+00,1.590e+01,6.431e-03,-7.614e+01,2.268e-03,7.700e-02,1.111e+01
-2.939e+01,0.000e+00,1.630e+01,6.663e-03,-7.578e+01,2.317e-03,7.900e-02,1.094e+01
-2.925e+01,0.000e+00,1.670e+01,6.828e-03,-7.542e+01,2.414e-03,8.100e-02,1.073e+01
-2.911e+01,0.000e+00,1.710e+01,7.213e-03,-7.506e+01,2.493e-03,8.300e-02,1.056e+01
-2.896e+01,7.042e-07,1.750e+01,7.379e-03,-7.470e+01,2.562e-03,8.500e-02,1.038e+01
-2.882e+01,0.000e+00,1.790e+01,7.793e-03,-7.434e+01,2.625e-03,8.700e-02,1.015e+01
-2.868e+01,0.000e+00,1.830e+01,8.064e-03,-7.398e+01,2.674e-03,8.900e-02,9.964e+00
-2.854e+01,7.042e-07,1.870e+01,8.286e-03,-7.362e+01,2.750e-03,9.100e-02,9.681e+00
-2.840e+01,0.000e+00,1.910e+01,8.567e-03,-7.326e+01,2.807e-03,9.300e-02,9.431e+00
-2.826e+01,0.000e+00,1.950e+01,8.902e-03,-7.290e+01,2.917e-03,9.500e-02,9.201e+00
-2.811e+01,1.408e-06,1.990e+01,9.105e-03,-7.254e+01,2.934e-03,9.700e-02,8.916e+00
-2.797e+01,2.817e-06,2.030e+01,9.425e-03,-7.218e+01,3.022e-03,9.900e-02,8.593e+00
-2.783e+01,2.817e-06,2.070e+01,9.657e-03,-7.182e+01,3.061e-03,1.010e-01,8.305e+00
-2.769e+01,1.408e-06,2.110e+01,1.005e-02,-7.146e+01,3.146e-03,1.030e-01,7.994e+00
-2.755e+01,2.817e-06,2.150e+01,1.043e-02,-7.110e+01,3.238e-03,1.050e-01,7.601e+00
-2.740e+01,3.521e-06,2.190e+01,1.060e-02,-7.074e+01,3.228e-03,1.070e-01,7.294e+00
-2.726e+01,4.225e-06,2.230e+01,1.091e-02,-7.038e+01,3.415e-03,1.090e-01,6.954e+00
-2.712e+01,7.746e-06,2.270e+01,1.123e-02,-7.002e+01,3.423e-03,1.110e-01,6.556e+00
-2.698e+01,9.155e-06,2.310e+01,1.159e-02,-6.966e+01,3.504e-03,1.130e-01,6.172e+00
-2.684e+01,6.338e-06,2.350e+01,1.196e-02,-6.930e+01,3.580e-03,1.150e-01,5.836e+00
-2.669e+01,7.746e-06,2.390e+01,1.221e-02,-6.894e+01,3.632e-03,1.170e-01,5.532e+00
-2.655e+01,1.549e-05,2.430e+01,1.258e-02,-6.858e+01,3.733e-03,1.190e-01,5.182e+00
-2.641e+01,1.831e-05,2.470e+01,1.275e-02,-6.822e+01,3.810e-03,1.210e-01,4.887e+00
-2.627e+01,2.324e-05,2.510e+01,1.320e-02,-6.786e+01,3.858e-03,1.230e-01,4.641e+00
-2.612e+01,3.380e-05,2.550e+01,1.349e-02,-6.750e+01,3.989e-03,1.250e-01,4.373e+00
-2.598e+01,3.028e-05,2.590e+01,1.371e-02,-6.714e+01,3.972e-03,1.270e-01,4.138e+00
-2.584e+01,5.070e-05,2.630e+01,1.417e-02,-6.678e+01,4.021e-03,1.290e-01,3.897e+00
-2.570e+01,4.648e-05,2.670e+01,1.448e-02,-6.642e+01,4.150e-03,1.310e-01,3.694e+00
-2.556e+01,4.930e-05,2.710e+01,1.469e-02,-6.606e+01,4.217e-03,1.330e-01,3.479e+00
-2.541e+01,6.690e-05,2.750e+01,1.514e-02,-6.570e+01,4.329e-03,1.350e-01,3.297e+00
-2.527e+01,7.183e-05,2.790e+01,1.562e-02,-6.534e+01,4.428e-03,1.370e-01,3.156e+00
-2.513e+01,8.099e-05,2.830e+01,1.586e-02,-6.498e+01,4.414e-03,1.390e-01,2.977e+00
-2.499e+01,1.246e-04,2.870e+01,1.619e-02,-6.462e+01,4.531e-03,1.410e-01,2.839e+00
-2.485e+01,1.352e-04,2.910e+01,1.661e-02,-6.426e+01,4.621e-03,1.430e-01,2.697e+00
-2.471e+01,1.535e-04,2.950e+01,1.687e-02,-6.390e+01,4.676e-03,1.450e-01,2.563e+00
-2.456e+01,1.739e-04,2.990e+01,1.722e-02,-6.354e+01,4.749e-03,1.470e-01,2.447e+00
-2.442e+01,2.134e-04,3.030e+01,1.762e-02,-6.318e+01,4.914e-03,1.490e-01,2.327e+00
-2.428e+01,2.049e-04,3.070e+01,1.786e-02,-6.282e+01,4.970e-03,1.510e-01,2.209e+00
-2.414e+01,2.894e-04,3.110e+01,1.825e-02,-6.246e+01,4.942e-03,1.530e-01,2.096e+00
-2.400e+01,3.042e-04,3.150e+01,1.860e-02,-6.210e+01,5.133e-03,1.550e-01,2.017e+00
-2.385e+01,3.690e-04,3.190e+01,1.909e-02,-6.174e+01,5.246e-03,1.570e-01,1.901e+00
-2.371e+01,4.289e-04,3.230e+01,1.939e-02,-6.138e+01,5.271e-03,1.590e-01,1.839e+00
-2.357e+01,4.887e-04,3.270e+01,1.963e-02,-6.102e+01,5.404e-03,1.610e-01,1.759e+00
-2.343e+01,5.296e-04,3.310e+01,2.004e-02,-6.066e+01,5.483e-03,1.630e-01,1.674e+00
-2.329e+01,5.951e-04,3.350e+01,2.025e-02,-6.030e+01,5.603e-03,1.650e-01,1.589e+00
-2.314e+01,6.775e-04,3.390e+01,2.068e-02,-5.994e+01,5.665e-03,1.670e-01,1.523e+00
-2.300e+01,7.500e-04,3.430e+01,2.120e-02,-5.958e+01,5.703e-03,1.690e-01,1.458e+00
-2.286e+01,8.796e-04,3.470e+01,2.152e-02,-5.922e+01,5.736e-03,1.710e-01,1.405e+00
-2.272e+01,9.782e-04,3.510e+01,2.171e-02,-5.886e+01,5.877e-03,1.730e-01,1.347e+00
-2.258e+01,1.048e-03,3.550e+01,2.220e-02,-5.850e+01,5.931e-03,1.750e-01,1.282e+00
-2.243e+01,1.180e-03,3.590e+01,2.234e-02,-5.814e+01,6.101e-03,1.770e-01,1.223e+00
-2.229e+01,1.303e-03,3.630e+01,2.296e-02,-5.778e+01,6.223e-03,1.790e-01,1.179e+00
-2.215e+01,1.413e-03,3.670e+01,2.326e-02,-5.742e+01,6.213e-03,1.810e-01,1.130e+00
-2.201e+01,1.589e-03,3.710e+01,2.347e-02,-5.706e+01,6.290e-03,1.830e-01,1.101e+00
-2.187e+01,1.807e-03,3.750e+01,2.381e-02,-5.670e+01,6.416e-03,1.850e-01,1.047e+00
-2.172e+01,1.944e-03,3.790e+01,2.411e-02,-5.634e+01,6.523e-03,1.870e-01,1.015e+00
-2.158e+01,2.114e-03,3.830e+01,2.448e-02,-5.598e+01,6.660e-03,1.890e-01,9.689e-01
-2.144e+01,2.252e-03,3.870e+01,2.488e-02,-5.562e+01,6.704e-03,1.910e-01,9.419e-01
-2.130e+01,2.545e-03,3.910e+01,2.506e-02,-5.526e+01,6.816e-03,1.930e-01,8.849e-01
-2.116e+01,2.648e-03,3.950e+01,2.539e-02,-5.490e+01,6.903e-03,1.950e-01,8.711e-01
-2.101e+01,2.990e-03,3.990e+01,2.572e-02,-5.454e+01,6.983e-03,1.970e-01,8.192e-01
-2.087e+01,3.142e-03,4.030e+01,2.610e-02,-5.418e+01,7.117e-03,1.990e-01,8.066e-01
-2.073e+01,3.395e-03,4.070e+01,2.641e-02,-5.382e+01,7.253e-03,2.010e-01,7.710e-01
-2.059e+01,3.627e-03,4.110e+01,2.665e-02,-5.346e+01,7.356e-03,2.030e-01,7.492e-01
-2.045e+01,3.857e-03,4.150e+01,2.708e-02,-5.310e+01,7.368e-03,2.050e-01,7.226e-01
-2.030e+01,4.094e-03,4.190e+01,2.727e-02,-5.274e+01,7.460e-03,2.070e-01,6.945e-01
-2.016e+01,4.359e-03,4.230e+01,2.727e-02,-5.238e+01,7.641e-03,2.090e-01,6.757e-01
-2.002e+01,4.742e-03,4.270e+01,2.752e-02,-5.202e+01,7.631e-03,2.110e-01,6.513e-01
-1.988e+01,4.978e-03,4.310e+01,2.771e-02,-5.166e+01,7.799e-03,2.130e-01,6.290e-01
-1.973e+01,5.352e-03,4.350e+01,2.806e-02,-5.130e+01,7.938e-03,2.150e-01,6.062e-01
-1.959e+01,5.625e-03,4.390e+01,2.816e-02,-5.094e+01,7.996e-03,2.170e-01,5.868e-01
-1.945e+01,5.980e-03,4.430e+01,2.762e-02,-5.058e+01,8.114e-03,2.190e-01,5.757e-01
-1.931e+01,6.423e-03,4.470e+01,2.678e-02,-5.022e+01,8.203e-03,2.210e-01,5.501e-01
-1.917e+01,6.697e-03,4.510e+01,2.554e-02,-4.986e+01,8.231e-03,2.230e-01,5.292e-01
-1.903e+01,7.001e-03,4.550e+01,2.456e-02,-4.950e+01,8.465e-03,2.250e-01,5.102e-01
-1.888e+01,7.344e-03,4.590e+01,2.333e-02,-4.914e+01,8.565e-03,2.270e-01,4.999e-01
-1.874e+01,7.834e-03,4.630e+01,2.247e-02,-4.878e+01,8.722e-03,2.290e-01,4.706e-01
-1.860e+01,8.133e-03,4.670e+01,2.178e-02,-4.842e+01,8.738e-03,2.310e-01,4.583e-01
-1.846e+01,8.432e-03,4.710e+01,2.117e-02,-4.806e+01,8.820e-03,2.330e-01,4.557e-01
-1.832e+01,8.987e-03,4.750e+01,2.071e-02,-4.770e+01,8.982e-03,2.350e-01,4.389e-01
-1.817e+01,9.304e-03,4.790e+01,2.007e-02,-4.734e+01,9.119e-03,2.370e-01,4.230e-01
-1.803e+01,9.613e-03,4.830e+01,1.958e-02,-4.698e+01,9.187e-03,2.390e-01,4.055e-01
-1.789e+01,1.013e-02,4.870e+01,1.942e-02,-4.662e+01,9.414e-03,2.410e-01,4.027e-01
-1.775e+01,1.067e-02,4.910e+01,1.898e-02,-4.626e+01,9.347e-03,2.430e-01,3.915e-01
-1.761e+01,1.106e-02,4.950e+01,1.842e-02,-4.590e+01,9.535e-03,2.450e-01,3.724e-01
-1.746e+01,1.145e-02,4.990e+01,1.809e-02,-4.554e+01,9.563e-03,2.470e-01,3.617e-01
-1.732e+01,1.207e-02,5.030e+01,1.785e-02,-4.518e+01,9.709e-03,2.490e-01,3.572e-01
-1.718e+01,1.251e-02,5.070e+01,1.749e-02,-4.482e+01,9.891e-03,2.510e-01,3.491e-01
-1.704e+01,1.287e-02,5.110e+01,1.713e-02,-4.446e+01,9.932e-03,2.530e-01,3.361e-01
-1.690e+01,1.338e-02,5.150e+01,1.674e-02,-4.410e+01,1.006e-02,2.550e-01,3.258e-01
-1.675e+01,1.401e-02,5.190e+01,1.664e-02,-4.374e+01,1.035e-02,2.570e-01,3.154e-01
-1.661e+01,1.443e-02,5.230e+01,1.628e-02,-4.338e+01,1.040e-02,2.590e-01,3.003e-01
-1.647e+01,1.480e-02,5.270e+01,1.600e-02,-4.302e+01,1.031e-02,2.610e-01,3.040e-01
-1.633e+01,1.514e-02,5.310e+01,1.578e-02,-4.266e+01,1.051e-02,2.630e-01,2.889e-01
-1.619e+01,1.570e-02,5.350e+01,1.547e-02,-4.230e+01,1.070e-02,2.650e-01,2.796e-01
-1.604e+01,1.625e-02,5.390e+01,1.527e-02,-4.194e+01,1.074e-02,2.670e-01,2.743e-01
-1.590e+01,1.675e-02,5.430e+01,1.492e-02,-4.158e+01,1.081e-02,2.690e-01,2.652e-01
-1.576e+01,1.731e-02,5.470e+01,1.460e-02,-4.122e+01,1.093e-02,2.710e-01,2.610e-01
-1.562e+01,1.784e-02,5.510e+01,1.439e-02,-4.086e+01,1.122e-02,2.730e-01,2.529e-01
-1.548e+01,1.832e-02,5.550e+01,1.419e-02,-4.050e+01,1.122e-02,2.750e-01,2.434e-01
-1.533e+01,1.875e-02,5.590e+01,1.389e-02,-4.014e+01,1.137e-02,2.770e-01,2.393e-01
-1.519e+01,1.929e-02,5.630e+01,1.371e-02,-3.978e+01,1.148e-02,2.790e-01,2.388e-01
-1.505e+01,1.985e-02,5.670e+01,1.343e-02,-3.942e+01,1.162e-02,2.810e-01,2.316e-01
-1.491e+01,2.035e-02,5.710e+01,1.322e-02,-3.906e+01,1.177e-02,2.830e-01,2.214e-01
-1.477e+01,2.072e-02,5.750e+01,1.299e-02,-3.870e+01,1.188e-02,2.850e-01,2.186e-01
-1.462e+01,2.153e-02,5.790e+01,1.266e-02,-3.834e+01,1.194e-02,2.870e-01,2.128e-01
-1.448e+01,2.183e-02,5.830e+01,1.242e-02,-3.798e+01,1.203e-02,2.890e-01,2.067e-01
-1.434e+01,2.227e-02,5.870e+01,1.220e-02,-3.762e+01,1.207e-02,2.910e-01,1.997e-01
-1.420e+01,2.276e-02,5.910e+01,1.195e-02,-3.726e+01,1.226e-02,2.930e-01,1.974e-01
-1.406e+01,2.303e-02,5.950e+01,1.171e-02,-3.690e+01,1.238e-02,2.950e-01,1.912e-01
-1.391e+01,2.363e-02,5.990e+01,1.159e-02,-3.654e+01,1.245e-02,2.970e-01,1.851e-01
-1.377e+01,2.441e-02,6.030e+01,1.126e-02,-3.618e+01,1.264e-02,2.990e-01,1.776e-01
-1.363e+01,2.485e-02,6.070e+01,1.110e-02,-3.582e+01,1.268e-02,3.010e-01,1.823e-01
-1.349e+01,2.512e-02,6.110e+01,1.089e-02,-3.546e+01,1.276e-02,3.030e-01,1.689e-01
-1.335e+01,2.549e-02,6.150e+01,1.059e-02,-3.510e+01,1.277e-02,3.050e-01,1.721e-01
-1.320e+01,2.611e-02,6.190e+01,1.045e-02,-3.474e+01,1.306e-02,3.070e-01,1.671e-01
-1.306e+01,2.641e-02,6.230e+01,1.027e-02,-3.438e+01,1.314e-02,3.090e-01,1.573e-01
-1.292e+01,2.693e-02,6.270e+01,9.988e-03,-3.402e+01,1.324e-02,3.110e-01,1.622e-01
-1.278e+01,2.777e-02,6.310e+01,9.836e-03,-3.366e+01,1.323e-02,3.130e-01,1.501e-01
-1.264e+01,2.792e-02,6.350e+01,9.539e-03,-3.330e+01,1.337e-02,3.150e-01,1.514e-01
-1.249e+01,2.823e-02,6.390e+01,9.361e-03,-3.294e+01,1.343e-02,3.170e-01,1.480e-01
-1.235e+01,2.859e-02,6.430e+01,9.140e-03,-3.258e+01,1.347e-02,3.190e-01,1.428e-01
-1.221e+01,2.895e-02,6.470e+01,8.886e-03,-3.222e+01,1.361e-02,3.210e-01,1.454e-01
-1.207e+01,2.934e-02,6.510e+01,8.717e-03,-3.186e+01,1.362e-02,3.230e-01,1.382e-01
-1.193e+01,2.958e-02,6.550e+01,8.534e-03,-3.150e+01,1.377e-02,3.250e-01,1.334e-01
-1.178e+01,3.019e-02,6.590e+01,8.250e-03,-3.114e+01,1.394e-02,3.270e-01,1.296e-01
-1.164e+01,3.030e-02,6.630e+01,8.007e-03,-3.078e+01,1.399e-02,3.290e-01,1.262e-01
-1.150e+01,3.069e-02,6.670e+01,7.838e-03,-3.042e+01,1.394e-02,3.310e-01,1.247e-01
-1.136e+01,3.128e-02,6.710e+01,7.657e-03,-3.006e+01,1.406e-02,3.330e-01,1.183e-01
-1.122e+01,3.142e-02,6.750e+01,7.575e-03,-2.970e+01,1.421e-02,3.350e-01,1.210e-01
-1.107e+01,3.165e-02,6.790e+01,7.482e-03,-2.934e+01,1.420e-02,3.370e-01,1.167e-01
-1.093e+01,3.212e-02,6.830e+01,7.327e-03,-2.898e+01,1.430e-02,3.390e-01,1.139e-01
-1.079e+01,3.208e-02,6.870e+01,7.279e-03,-2.862e+01,1.438e-02,3.410e-01,1.144e-01
-1.065e+01,3.275e-02,6.910e+01,7.213e-03,-2.826e+01,1.447e-02,3.430e-01,1.063e-01
-1.051e+01,3.272e-02,6.950e+01,7.151e-03,-2.790e+01,1.459e-02,3.450e-01,1.035e-01
-1.036e+01,3.298e-02,6.990e+01,7.038e-03,-2.754e+01,1.446e-02,3.470e-01,1.102e-01
-1.022e+01,3.304e-02,7.030e+01,6.937e-03,-2.718e+01,1.454e-02,3.490e-01,1.054e-01
-1.008e+01,3.328e-02,7.070e+01,6.881e-03,-2.682e+01,1.467e-02,3.510e-01,1.030e-01
-9.937e+00,3.330e-02,7.110e+01,6.849e-03,-2.646e+01,1.465e-02,3.530e-01,9.887e-02
-9.795e+00,3.366e-02,7.150e+01,6.691e-03,-2.610e+01,1.466e-02,3.550e-01,9.977e-02
-9.653e+00,3.423e-02,7.190e+01,6.631e-03,-2.574e+01,1.476e-02,3.570e-01,9.647e-02
-9.511e+00,3.415e-02,7.230e+01,6.528e-03,-2.538e+01,1.466e-02,3.590e-01,9.567e-02
-9.369e+00,3.407e-02,7.270e+01,6.391e-03,-2.502e+01,1.471e-02,3.610e-01,9.421e-02
-9.227e+00,3.409e-02,7.310e+01,6.293e-03,-2.466e+01,1.475e-02,3.630e-01,9.316e-02
-9.085e+00,3.447e-02,7.350e+01,6.265e-03,-2.430e+01,1.478e-02,3.650e-01,8.456e-02
-8.943e+00,3.446e-02,7.390e+01,6.165e-03,-2.394e+01,1.469e-02,3.670e-01,8.616e-02
-8.801e+00,3.437e-02,7.430e+01,6.100e-03,-2.358e+01,1.471e-02,3.690e-01,8.821e-02
-8.659e+00,3.490e-02,7.470e+01,5.961e-03,-2.322e+01,1.467e-02,3.710e-01,8.401e-02
-8.517e+00,3.479e-02,7.510e+01,5.971e-03,-2.286e+01,1.483e-02,3.730e-01,8.121e-02
-8.375e+00,3.445e-02,7.550e+01,5.842e-03,-2.250e+01,1.493e-02,3.750e-01,8.206e-02
-8.233e+00,3.456e-02,7.590e+01,5.645e-03,-2.214e+01,1.482e-02,3.770e-01,7.920e-02
-8.091e+00,3.457e-02,7.630e+01,5.604e-03,-2.178e+01,1.498e-02,3.790e-01,7.560e-02
-7.949e+00,3.465e-02,7.670e+01,5.584e-03,-2.142e+01,1.483e-02,3.810e-01,7.605e-02
-7.807e+00,3.460e-02,7.710e+01,5.478e-03,-2.106e+01,1.487e-02,3.830e-01,7.640e-02
-7.665e+00,3.441e-02,7.750e+01,5.377e-03,-2.070e+01,1.487e-02,3.850e-01,7.475e-02
-7.523e+00,3.456e-02,7.790e+01,5.266e-03,-2.034e+01,1.493e-02,3.870e-01,7.075e-02
-7.381e+00,3.447e-02,7.830e+01,5.146e-03,-1.998e+01,1.481e-02,3.890e-01,7.380e-02
-7.239e+00,3.434e-02,7.870e+01,5.135e-03,-1.962e+01,1.485e-02,3.910e-01,7.085e-02
-7.097e+00,3.438e-02,7.910e+01,5.027e-03,-1.926e+01,1.477e-02,3.930e-01,6.625e-02
-6.955e+00,3.417e-02,7.950e+01,4.891e-03,-1.890e+01,1.477e-02,3.950e-01,6.900e-02
-6.813e+00,3.394e-02,7.990e+01,4.766e-03,-1.854e+01,1.483e-02,3.970e-01,6.880e-02
-6.671e+00,3.394e-02,8.030e+01,4.658e-03,-1.818e+01,1.488e-02,3.990e-01,6.514e-02
-6.529e+00,3.373e-02,8.070e+01,4.664e-03,-1.782e+01,1.482e-02,4.010e-01,6.254e-02
-6.387e+00,3.360e-02,8.110e+01,4.492e-03,-1.746e+01,1.482e-02,4.030e-01,6.254e-02
-6.245e+00,3.337e-02,8.150e+01,4.496e-03,-1.710e+01,1.484e-02,4.050e-01,5.854e-02
-6.103e+00,3.312e-02,8.190e+01,4.376e-03,-1.674e+01,1.480e-02,4.070e-01,6.064e-02
-5.961e+00,3.342e-02,8.230e+01,4.241e-03,-1.638e+01,1.488e-02,4.090e-01,6.034e-02
-5.819e+00,3.328e-02,8.270e+01,4.111e-03,-1.602e+01,1.487e-02,4.110e-01,5.894e-02
-5.677e+00,3.317e-02,8.310e+01,4.033e-03,-1.566e+01,1.493e-02,4.130e-01,6.164e-02
-5.535e+00,3.278e-02,8.350e+01,3.935e-03,-1.530e+01,1.487e-02,4.150e-01,5.664e-02
-5.393e+00,3.247e-02,8.390e+01,3.759e-03,-1.494e+01,1.485e-02,4.170e-01,5.344e-02
-5.251e+00,3.284e-02,8.430e+01,3.722e-03,-1.458e+01,1.495e-02,4.190e-01,5.489e-02
-5.109e+00,3.224e-02,8.470e+01,3.684e-03,-1.422e+01,1.490e-02,4.210e-01,5.549e-02
-4.967e+00,3.219e-02,8.510e+01,3.582e-03,-1.386e+01,1.487e-02,4.230e-01,5.354e-02
-4.825e+00,3.197e-02,8.550e+01,3.417e-03,-1.350e+01,1.507e-02,4.250e-01,5.344e-02
-4.683e+00,3.182e-02,8.590e+01,3.368e-03,-1.314e+01,1.496e-02,4.270e-01,5.204e-02
-4.541e+00,3.148e-02,8.630e+01,3.234e-03,-1.278e+01,1.494e-02,4.290e-01,5.219e-02
-4.399e+00,3.123e-02,8.670e+01,3.166e-03,-1.242e+01,1.505e-02,4.310e-01,5.088e-02
-4.257e+00,3.146e-02,8.710e+01,3.064e-03,-1.206e+01,1.494e-02,4.330e-01,5.003e-02
-4.115e+00,3.083e-02,8.750e+01,2.950e-03,-1.170e+01,1.504e-02,4.350e-01,5.033e-02
-3.973e+00,3.071e-02,8.790e+01,2.891e-03,-1.134e+01,1.516e-02,4.370e-01,4.833e-02
-3.831e+00,3.068e-02,8.830e+01,2.774e-03,-1.098e+01,1.516e-02,4.390e-01,4.753e-02
-3.689e+00,3.039e-02,8.870e+01,2.673e-03,-1.062e+01,1.510e-02,4.410e-01,4.668e-02
-3.547e+00,3.041e-02,8.910e+01,2.547e-03,-1.026e+01,1.520e-02,4.430e-01,4.718e-02
-3.405e+00,2.997e-02,8.950e+01,2.467e-03,-9.900e+00,1.524e-02,4.450e-01,4.528e-02
-3.263e+00,2.968e-02,8.990e+01,2.333e-03,-9.540e+00,1.531e-02,4.470e-01,4.448e-02
-3.121e+00,2.957e-02,9.030e+01,2.284e-03,-9.180e+00,1.533e-02,4.490e-01,4.243e-02
-2.979e+00,2.923e-02,9.070e+01,2.188e-03,-8.820e+00,1.532e-02,4.510e-01,4.258e-02
-2.837e+00,2.916e-02,9.110e+01,2.029e-03,-8.460e+00,1.530e-02,4.530e-01,4.003e-02
-2.695e+00,2.904e-02,9.150e+01,1.928e-03,-8.100e+00,1.550e-02,4.550e-01,4.033e-02
-2.553e+00,2.866e-02,9.190e+01,1.830e-03,-7.740e+00,1.543e-02,4.570e-01,4.098e-02
-2.411e+00,2.851e-02,9.230e+01,1.729e-03,-7.380e+00,1.537e-02,4.590e-01,4.013e-02
-2.269e+00,2.830e-02,9.270e+01,1.659e-03,-7.020e+00,1.562e-02,4.610e-01,4.078e-02
-2.127e+00,2.816e-02,9.310e+01,1.535e-03,-6.660e+00,1.564e-02,4.630e-01,3.988e-02
-1.985e+00,2.786e-02,9.350e+01,1.462e-03,-6.300e+00,1.559e-02,4.650e-01,3.948e-02
-1.843e+00,2.756e-02,9.390e+01,1.334e-03,-5.940e+00,1.555e-02,4.670e-01,3.838e-02
-1.701e+00,2.747e-02,9.430e+01,1.222e-03,-5.580e+00,1.568e-02,4.690e-01,3.663e-02
-1.559e+00,2.724e-02,9.470e+01,1.090e-03,-5.220e+00,1.547e-02,4.710e-01,3.607e-02
-1.417e+00,2.721e-02,9.510e+01,9.578e-04,-4.860e+00,1.571e-02,4.730e-01,3.537e-02
-1.275e+00,2.710e-02,9.550e+01,8.625e-04,-4.500e+00,1.563e-02,4.750e-01,3.552e-02
-1.133e+00,2.673e-02,9.590e+01,7.485e-04,-4.140e+00,1.567e-02,4.770e-01,3.242e-02
-9.910e-01,2.665e-02,9.630e+01,6.803e-04,-3.780e+00,1.560e-02,4.790e-01,3.292e-02
-8.490e-01,2.643e-02,9.670e+01,5.685e-04,-3.420e+00,1.550e-02,4.810e-01,3.482e-02
-7.070e-01,2.656e-02,9.710e+01,4.333e-04,-3.060e+00,1.559e-02,4.830e-01,3.322e-02
-5.650e-01,2.620e-02,9.750e+01,3.393e-04,-2.700e+00,1.546e-02,4.850e-01,3.187e-02
-4.230e-01,2.577e-02,9.790e+01,2.273e-04,-2.340e+00,1.552e-02,4.870e-01,3.457e-02
-2.810e-01,2.567e-02,9.830e+01,1.073e-04,-1.980e+00,1.544e-02,4.890e-01,3.137e-02
-1.390e-01,2.568e-02,9.870e+01,1.200e-05,-1.620e+00,1.538e-02,4.910e-01,3.162e-02
3.000e-03,2.536e-02,9.910e+01,0.000e+00,-1.260e+00,1.532e-02,4.930e-01,3.127e-02
1.450e-01,2.511e-02,9.950e+01,0.000e+00,-9.000e-01,1.538e-02,4.950e-01,3.197e-02
2.870e-01,2.525e-02,9.990e+01,0.000e+00,-5.400e-01,1.507e-02,4.970e-01,2.897e-02
4.290e-01,2.514e-02,1.003e+02,0.000e+00,-1.800e-01,1.495e-02,4.990e-01,2.917e-02
5.710e-01,2.501e-02,1.007e+02,0.000e+00,1.800e-01,1.496e-02,5.010e-01,3.007e-02
7.130e-01,2.468e-02,1.011e+02,0.000e+00,5.400e-01,1.478e-02,5.030e-01,2.627e-02
8.550e-01,2.463e-02,1.015e+02,0.000e+00,9.000e-01,1.465e-02,5.050e-01,2.992e-02
9.970e-01,2.451e-02,1.019e+02,0.000e+00,1.260e+00,1.447e-02,5.070e-01,2.662e-02
1.139e+00,2.433e-02,1.023e+02,0.000e+00,1.620e+00,1.437e-02,5.090e-01,2.737e-02
1.281e+00,2.405e-02,1.027e+02,0.000e+00,1.980e+00,1.407e-02,5.110e-01,2.712e-02
1.423e+00,2.414e-02,1.031e+02,0.000e+00,2.340e+00,1.392e-02,5.130e-01,2.602e-02
1.565e+00,2.398e-02,1.035e+02,0.000e+00,2.700e+00,1.376e-02,5.150e-01,2.902e-02
1.707e+00,2.380e-02,1.039e+02,0.000e+00,3.060e+00,1.353e-02,5.170e-01,2.572e-02
1.849e+00,2.394e-02,1.043e+02,0.000e+00,3.420e+00,1.337e-02,5.190e-01,2.607e-02
1.991e+00,2.347e-02,1.047e+02,0.000e+00,3.780e+00,1.303e-02,5.210e-01,2.487e-02
2.133e+00,2.350e-02,1.051e+02,0.000e+00,4.140e+00,1.285e-02,5.230e-01,2.542e-02
2.275e+00,2.329e-02,1.055e+02,0.000e+00,4.500e+00,1.243e-02,5.250e-01,2.497e-02
2.417e+00,2.316e-02,1.059e+02,0.000e+00,4.860e+00,1.233e-02,5.270e-01,2.742e-02
2.559e+00,2.333e-02,1.063e+02,0.000e+00,5.220e+00,1.205e-02,5.290e-01,2.412e-02
2.701e+00,2.315e-02,1.067e+02,0.000e+00,5.580e+00,1.175e-02,5.310e-01,2.472e-02
2.843e+00,2.303e-02,1.071e+02,0.000e+00,5.940e+00,1.148e-02,5.330e-01,2.552e-02
2.985e+00,2.260e-02,1.075e+02,0.000e+00,6.300e+00,1.110e-02,5.350e-01,2.262e-02
3.127e+00,2.290e-02,1.079e+02,0.000e+00,6.660e+00,1.082e-02,5.370e-01,2.332e-02
3.269e+00,2.269e-02,1.083e+02,0.000e+00,7.020e+00,1.051e-02,5.390e-01,2.146e-02
3.411e+00,2.275e-02,1.087e+02,0.000e+00,7.380e+00,1.019e-02,5.410e-01,2.282e-02
3.553e+00,2.273e-02,1.091e+02,0.000e+00,7.740e+00,9.862e-03,5.430e-01,2.176e-02
3.695e+00,2.242e-02,1.095e+02,0.000e+00,8.100e+00,9.495e-03,5.450e-01,2.151e-02
3.837e+00,2.258e-02,1.099e+02,0.000e+00,8.460e+00,9.157e-03,5.470e-01,2.212e-02
3.979e+00,2.243e-02,1.103e+02,0.000e+00,8.820e+00,8.891e-03,5.490e-01,2.076e-02
4.121e+00,2.241e-02,1.107e+02,0.000e+00,9.180e+00,8.486e-03,5.510e-01,2.076e-02
4.263e+00,2.220e-02,1.111e+02,0.000e+00,9.540e+00,8.234e-03,5.530e-01,1.996e-02
4.405e+00,2.208e-02,1.115e+02,0.000e+00,9.900e+00,7.806e-03,5.550e-01,2.081e-02
4.547e+00,2.236e-02,1.119e+02,0.000e+00,1.026e+01,7.582e-03,5.570e-01,2.006e-02
4.689e+00,2.222e-02,1.123e+02,0.000e+00,1.062e+01,7.148e-03,5.590e-01,1.806e-02
4.831e+00,2.236e-02,1.127e+02,0.000e+00,1.098e+01,6.980e-03,5.610e-01,1.961e-02
4.973e+00,2.199e-02,1.131e+02,0.000e+00,1.134e+01,6.628e-03,5.630e-01,1.966e-02
5.115e+00,2.227e-02,1.135e+02,0.000e+00,1.170e+01,6.301e-03,5.650e-01,2.086e-02
5.257e+00,2.222e-02,1.139e+02,0.000e+00,1.206e+01,6.061e-03,5.670e-01,1.941e-02
5.399e+00,2.208e-02,1.143e+02,0.000e+00,1.242e+01,5.661e-03,5.690e-01,1.946e-02
5.541e+00,2.206e-02,1.147e+02,0.000e+00,1.278e+01,5.426e-03,5.710e-01,1.746e-02
5.683e+00,2.203e-02,1.151e+02,0.000e+00,1.314e+01,5.134e-03,5.730e-01,1.916e-02
5.825e+00,2.185e-02,1.155e+02,0.000e+00,1.350e+01,4.933e-03,5.750e-01,1.716e-02
5.967e+00,2.200e-02,1.159e+02,0.000e+00,1.386e+01,4.593e-03,5.770e-01,1.726e-02
6.109e+00,2.226e-02,1.163e+02,0.000e+00,1.422e+01,4.427e-03,5.790e-01,1.896e-02
6.251e+00,2.198e-02,1.167e+02,0.000e+00,1.458e+01,4.243e-03,5.810e-01,1.841e-02
6.393e+00,2.182e-02,1.171e+02,0.000e+00,1.494e+01,3.937e-03,5.830e-01,1.776e-02
6.535e+00,2.158e-02,1.175e+02,0.000e+00,1.530e+01,3.743e-03,5.850e-01,1.856e-02
6.677e+00,2.196e-02,1.179e+02,0.000e+00,1.566e+01,3.622e-03,5.870e-01,1.761e-02
6.819e+00,2.174e-02,1.183e+02,0.000e+00,1.602e+01,3.429e-03,5.890e-01,1.561e-02
6.961e+00,2.174e-02,1.187e+02,0.000e+00,1.638e+01,3.143e-03,5.910e-01,1.686e-02
7.103e+00,2.186e-02,1.191e+02,0.000e+00,1.674e+01,2.949e-03,5.930e-01,1.691e-02
7.245e+00,2.176e-02,1.195e+02,0.000e+00,1.710e+01,2.843e-03,5.950e-01,1.741e-02
7.387e+00,2.182e-02,1.199e+02,0.000e+00,1.746e+01,2.663e-03,5.970e-01,1.391e-02
7.529e+00,2.181e-02,1.203e+02,0.000e+00,1.782e+01,2.459e-03,5.990e-01,1.416e-02
7.671e+00,2.186e-02,1.207e+02,0.000e+00,1.818e+01,2.347e-03,6.010e-01,1.646e-02
7.813e+00,2.194e-02,1.211e+02,0.000e+00,1.854e+01,2.270e-03,6.030e-01,1.681e-02
7.955e+00,2.192e-02,1.215e+02,0.000e+00,1.890e+01,2.134e-03,6.050e-01,1.486e-02
8.097e+00,2.185e-02,1.219e+02,0.000e+00,1.926e+01,2.046e-03,6.070e-01,1.576e-02
8.239e+00,2.200e-02,1.223e+02,0.000e+00,1.962e+01,1.899e-03,6.090e-01,1.426e-02
8.381e+00,2.190e-02,1.227e+02,0.000e+00,1.998e+01,1.816e-03,6.110e-01,1.306e-02
8.523e+00,2.190e-02,1.231e+02,0.000e+00,2.034e+01,1.693e-03,6.130e-01,1.431e-02
8.665e+00,2.193e-02,1.235e+02,0.000e+00,2.070e+01,1.614e-03,6.150e-01,1.486e-02
8.807e+00,2.199e-02,1.239e+02,0.000e+00,2.106e+01,1.516e-03,6.170e-01,1.541e-02
8.949e+00,2.192e-02,1.243e+02,0.000e+00,2.142e+01,1.464e-03,6.190e-01,1.356e-02
9.091e+00,2.199e-02,1.247e+02,0.000e+00,2.178e+01,1.401e-03,6.210e-01,1.401e-02
9.233e+00,2.206e-02,1.251e+02,0.000e+00,2.214e+01,1.346e-03,6.230e-01,1.236e-02
9.375e+00,2.227e-02,1.255e+02,0.000e+00,2.250e+01,1.241e-03,6.250e-01,1.486e-02
9.517e+00,2.212e-02,1.259e+02,0.000e+00,2.286e+01,1.173e-03,6.270e-01,1.261e-02
9.659e+00,2.204e-02,1.263e+02,0.000e+00,2.322e+01,1.081e-03,6.290e-01,1.291e-02
9.801e+00,2.203e-02,1.267e+02,0.000e+00,2.358e+01,1.044e-03,6.310e-01,1.241e-02
9.943e+00,2.197e-02,1.271e+02,0.000e+00,2.394e+01,9.942e-04,6.330e-01,1.316e-02
1.008e+01,2.226e-02,1.275e+02,0.000e+00,2.430e+01,9.603e-04,6.350e-01,1.251e-02
1.023e+01,2.234e-02,1.279e+02,0.000e+00,2.466e+01,9.039e-04,6.370e-01,1.261e-02
1.037e+01,2.204e-02,1.283e+02,0.000e+00,2.502e+01,8.544e-04,6.390e-01,1.071e-02
1.051e+01,2.236e-02,1.287e+02,0.000e+00,2.538e+01,8.197e-04,6.410e-01,1.206e-02
1.065e+01,2.183e-02,1.291e+02,0.000e+00,2.574e+01,7.614e-04,6.430e-01,1.181e-02
1.079e+01,2.252e-02,1.295e+02,0.000e+00,2.610e+01,7.325e-04,6.450e-01,1.151e-02
1.094e+01,2.225e-02,1.299e+02,0.000e+00,2.646e+01,7.042e-04,6.470e-01,1.181e-02
1.108e+01,2.233e-02,1.303e+02,0.000e+00,2.682e+01,6.958e-04,6.490e-01,1.126e-02
1.122e+01,2.221e-02,1.307e+02,0.000e+00,2.718e+01,6.300e-04,6.510e-01,1.046e-02
1.136e+01,2.239e-02,1.311e+02,0.000e+00,2.754e+01,6.189e-04,6.530e-01,1.131e-02
1.150e+01,2.229e-02,1.315e+02,0.000e+00,2.790e+01,5.847e-04,6.550e-01,1.081e-02
1.165e+01,2.265e-02,1.319e+02,0.000e+00,2.826e+01,5.431e-04,6.570e-01,1.011e-02
1.179e+01,2.242e-02,1.323e+02,0.000e+00,2.862e+01,5.264e-04,6.590e-01,1.021e-02
1.193e+01,2.224e-02,1.327e+02,0.000e+00,2.898e+01,5.125e-04,6.610e-01,1.276e-02
1.207e+01,2.235e-02,1.331e+02,0.000e+00,2.934e+01,4.928e-04,6.630e-01,1.091e-02
1.221e+01,2.250e-02,1.335e+02,0.000e+00,2.970e+01,4.878e-04,6.650e-01,1.021e-02
1.236e+01,2.236e-02,1.339e+02,0.000e+00,3.006e+01,4.544e-04,6.670e-01,9.807e-03
1.250e+01,2.238e-02,1.343e+02,0.000e+00,3.042e+01,4.453e-04,6.690e-01,1.096e-02
1.264e+01,2.250e-02,1.347e+02,0.000e+00,3.078e+01,4.300e-04,6.710e-01,9.707e-03
1.278e+01,2.269e-02,1.351e+02,0.000e+00,3.114e+01,4.136e-04,6.730e-01,9.707e-03
1.292e+01,2.251e-02,1.355e+02,0.000e+00,3.150e+01,3.889e-04,6.750e-01,1.016e-02
1.307e+01,2.265e-02,1.359e+02,0.000e+00,3.186e+01,3.706e-04,6.770e-01,9.957e-03
1.321e+01,2.253e-02,1.363e+02,0.000e+00,3.222e+01,3.406e-04,6.790e-01,8.506e-03
1.335e+01,2.260e-02,1.367e+02,0.000e+00,3.258e+01,3.547e-04,6.810e-01,8.656e-03
1.349e+01,2.249e-02,1.371e+02,0.000e+00,3.294e+01,3.353e-04,6.830e-01,1.096e-02
1.363e+01,2.258e-02,1.375e+02,0.000e+00,3.330e+01,3.403e-04,6.850e-01,1.036e-02
1.378e+01,2.250e-02,1.379e+02,0.000e+00,3.366e+01,3.081e-04,6.870e-01,9.557e-03
1.392e+01,2.245e-02,1.383e+02,0.000e+00,3.402e+01,3.175e-04,6.890e-01,7.555e-03
1.406e+01,2.246e-02,1.387e+02,0.000e+00,3.438e+01,2.861e-04,6.910e-01,8.456e-03
1.420e+01,2.246e-02,1.391e+02,0.000e+00,3.474e+01,2.811e-04,6.930e-01,9.507e-03
1.434e+01,2.255e-02,1.395e+02,0.000e+00,3.510e+01,2.494e-04,6.950e-01,7.705e-03
1.449e+01,2.251e-02,1.399e+02,0.000e+00,3.546e+01,2.558e-04,6.970e-01,8.005e-03
1.463e+01,2.255e-02,1.403e+02,0.000e+00,3.582e+01,2.342e-04,6.990e-01,8.556e-03
1.477e+01,2.260e-02,1.407e+02,0.000e+00,3.618e+01,2.419e-04,7.010e-01,8.756e-03
1.491e+01,2.260e-02,1.411e+02,0.000e+00,3.654e+01,2.372e-04,7.030e-01,9.056e-03
1.505e+01,2.243e-02,1.415e+02,0.000e+00,3.690e+01,2.183e-04,7.050e-01,9.006e-03
1.520e+01,2.240e-02,1.419e+02,0.000e+00,3.726e+01,2.250e-04,7.070e-01,7.305e-03
1.534e+01,2.275e-02,1.423e+02,0.000e+00,3.762e+01,1.983e-04,7.090e-01,8.256e-03
1.548e+01,2.259e-02,1.427e+02,0.000e+00,3.798e+01,2.022e-04,7.110e-01,7.505e-03
1.562e+01,2.236e-02,1.431e+02,0.000e+00,3.834e+01,1.992e-04,7.130e-01,7.155e-03
1.576e+01,2.223e-02,1.435e+02,0.000e+00,3.870e+01,1.939e-04,7.150e-01,8.005e-03
1.591e+01,2.241e-02,1.439e+02,0.000e+00,3.906e+01,1.847e-04,7.170e-01,7.705e-03
1.605e+01,2.245e-02,1.443e+02,0.000e+00,3.942e+01,1.800e-04,7.190e-01,8.306e-03
1.619e+01,2.234e-02,1.447e+02,0.000e+00,3.978e+01,1.750e-04,7.210e-01,6.304e-03
1.633e+01,2.239e-02,1.451e+02,0.000e+00,4.014e+01,1.669e-04,7.230e-01,7.205e-03
1.647e+01,2.235e-02,1.455e+02,0.000e+00,4.050e+01,1.658e-04,7.250e-01,6.855e-03
1.662e+01,2.218e-02,1.459e+02,0.000e+00,4.086e+01,1.494e-04,7.270e-01,7.955e-03
1.676e+01,2.209e-02,1.463e+02,0.000e+00,4.122e+01,1.533e-04,7.290e-01,6.805e-03
1.690e+01,2.232e-02,1.467e+02,0.000e+00,4.158e+01,1.561e-04,7.310e-01,7.205e-03
1.704e+01,2.220e-02,1.471e+02,0.000e+00,4.194e+01,1.467e-04,7.330e-01,6.554e-03
1.718e+01,2.225e-02,1.475e+02,0.000e+00,4.230e+01,1.367e-04,7.350e-01,8.956e-03
1.733e+01,2.187e-02,1.479e+02,0.000e+00,4.266e+01,1.406e-04,7.370e-01,6.905e-03
1.747e+01,2.180e-02,1.483e+02,0.000e+00,4.302e+01,1.372e-04,7.390e-01,7.955e-03
1.761e+01,2.190e-02,1.487e+02,0.000e+00,4.338e+01,1.267e-04,7.410e-01,6.254e-03
1.775e+01,2.170e-02,1.491e+02,0.000e+00,4.374e+01,1.192e-04,7.430e-01,6.404e-03
1.789e+01,2.146e-02,1.495e+02,0.000e+00,4.410e+01,1.161e-04,7.450e-01,6.705e-03
1.804e+01,2.146e-02,1.499e+02,0.000e+00,4.446e+01,1.197e-04,7.470e-01,7.205e-03
1.818e+01,2.133e-02,1.503e+02,0.000e+00,4.482e+01,1.097e-04,7.490e-01,5.954e-03
1.832e+01,2.126e-02,1.507e+02,0.000e+00,4.518e+01,1.106e-04,7.510e-01,6.054e-03
1.846e+01,2.094e-02,1.511e+02,0.000e+00,4.554e+01,1.131e-04,7.530e-01,6.054e-03
1.860e+01,2.071e-02,1.515e+02,0.000e+00,4.590e+01,1.053e-04,7.550e-01,6.204e-03
1.875e+01,2.044e-02,1.519e+02,0.000e+00,4.626e+01,1.028e-04,7.570e-01,6.454e-03
1.889e+01,2.029e-02,1.523e+02,0.000e+00,4.662e+01,9.639e-05,7.590e-01,6.855e-03
1.903e+01,1.983e-02,1.527e+02,0.000e+00,4.698e+01,9.917e-05,7.610e-01,7.305e-03
1.917e+01,1.949e-02,1.531e+02,0.000e+00,4.734e+01,8.444e-05,7.630e-01,5.904e-03
1.931e+01,1.932e-02,1.535e+02,0.000e+00,4.770e+01,8.861e-05,7.650e-01,5.604e-03
1.946e+01,1.902e-02,1.539e+02,0.000e+00,4.806e+01,9.806e-05,7.670e-01,6.304e-03
1.960e+01,1.857e-02,1.543e+02,0.000e+00,4.842e+01,8.417e-05,7.690e-01,5.754e-03
1.974e+01,1.809e-02,1.547e+02,0.000e+00,4.878e+01,8.139e-05,7.710e-01,5.254e-03
1.988e+01,1.736e-02,1.551e+02,0.000e+00,4.914e+01,7.417e-05,7.730e-01,5.554e-03
2.002e+01,1.698e-02,1.555e+02,0.000e+00,4.950e+01,8.278e-05,7.750e-01,5.053e-03
2.017e+01,1.650e-02,1.559e+02,0.000e+00,4.986e+01,8.083e-05,7.770e-01,5.854e-03
2.031e+01,1.599e-02,1.563e+02,0.000e+00,5.022e+01,7.889e-05,7.790e-01,5.304e-03
2.045e+01,1.532e-02,1.567e+02,0.000e+00,5.058e+01,7.583e-05,7.810e-01,5.053e-03
2.059e+01,1.456e-02,1.571e+02,0.000e+00,5.094e+01,8.444e-05,7.830e-01,5.454e-03
2.073e+01,1.393e-02,1.575e+02,0.000e+00,5.130e+01,6.389e-05,7.850e-01,4.703e-03
2.088e+01,1.344e-02,1.579e+02,0.000e+00,5.166e+01,7.222e-05,7.870e-01,5.454e-03
2.102e+01,1.272e-02,1.583e+02,0.000e+00,5.202e+01,6.694e-05,7.890e-01,4.703e-03
2.116e+01,1.204e-02,1.587e+02,0.000e+00,5.238e+01,7.056e-05,7.910e-01,4.553e-03
2.130e+01,1.140e-02,1.591e+02,0.000e+00,5.274e+01,6.472e-05,7.930e-01,5.354e-03
2.144e+01,1.085e-02,1.595e+02,0.000e+00,5.310e+01,5.972e-05,7.950e-01,4.753e-03
2.159e+01,1.007e-02,1.599e+02,0.000e+00,5.346e+01,7.333e-05,7.970e-01,5.354e-03
2.173e+01,9.430e-03,1.603e+02,0.000e+00,5.382e+01,6.389e-05,7.990e-01,4.903e-03
2.187e+01,8.876e-03,1.607e+02,0.000e+00,5.418e+01,5.750e-05,8.010e-01,4.453e-03
2.201e+01,8.234e-03,1.611e+02,0.000e+00,5.454e+01,5.500e-05,8.030e-01,4.703e-03
2.215e+01,7.595e-03,1.615e+02,0.000e+00,5.490e+01,5.083e-05,8.050e-01,4.203e-03
2.230e+01,7.005e-03,1.619e+02,0.000e+00,5.526e+01,5.806e-05,8.070e-01,5.404e-03
2.244e+01,6.419e-03,1.623e+02,0.000e+00,5.562e+01,5.667e-05,8.090e-01,4.903e-03
2.258e+01,5.799e-03,1.627e+02,0.000e+00,5.598e+01,4.833e-05,8.110e-01,4.903e-03
2.272e+01,5.395e-03,1.631e+02,0.000e+00,5.634e+01,4.389e-05,8.130e-01,5.053e-03
2.286e+01,4.771e-03,1.635e+02,0.000e+00,5.670e+01,4.639e-05,8.150e-01,4.103e-03
2.301e+01,4.510e-03,1.639e+02,0.000e+00,5.706e+01,4.500e-05,8.170e-01,4.903e-03
2.315e+01,3.891e-03,1.643e+02,0.000e+00,5.742e+01,4.806e-05,8.190e-01,4.453e-03
2.329e+01,3.502e-03,1.647e+02,0.000e+00,5.778e+01,5.250e-05,8.210e-01,4.653e-03
2.343e+01,3.093e-03,1.651e+02,0.000e+00,5.814e+01,4.611e-05,8.230e-01,4.453e-03
2.357e+01,2.877e-03,1.655e+02,0.000e+00,5.850e+01,4.333e-05,8.250e-01,3.853e-03
2.372e+01,2.419e-03,1.659e+02,0.000e+00,5.886e+01,4.278e-05,8.270e-01,4.753e-03
2.386e+01,2.177e-03,1.663e+02,0.000e+00,5.922e+01,3.972e-05,8.290e-01,3.652e-03
2.400e+01,1.913e-03,1.667e+02,0.000e+00,5.958e+01,3.889e-05,8.310e-01,4.653e-03
2.414e+01,1.665e-03,1.671e+02,0.000e+00,5.994e+01,3.444e-05,8.330e-01,4.003e-03
2.428e+01,1.445e-03,1.675e+02,0.000e+00,6.030e+01,4.583e-05,8.350e-01,5.053e-03
2.443e+01,1.295e-03,1.679e+02,0.000e+00,6.066e+01,3.528e-05,8.370e-01,4.203e-03
2.457e+01,1.151e-03,1.683e+02,0.000e+00,6.102e+01,4.167e-05,8.390e-01,3.602e-03
2.471e+01,9.254e-04,1.687e+02,0.000e+00,6.138e+01,3.167e-05,8.410e-01,3.903e-03
2.485e+01,8.113e-04,1.691e+02,0.000e+00,6.174e+01,3.778e-05,8.430e-01,3.202e-03
2.499e+01,6.930e-04,1.695e+02,0.000e+00,6.210e+01,3.333e-05,8.450e-01,4.053e-03
2.514e+01,5.627e-04,1.699e+02,0.000e+00,6.246e+01,3.389e-05,8.470e-01,3.552e-03
2.528e+01,5.113e-04,1.703e+02,0.000e+00,6.282e+01,4.000e-05,8.490e-01,4.353e-03
2.542e+01,3.866e-04,1.707e+02,0.000e+00,6.318e+01,3.667e-05,8.510e-01,3.552e-03
2.556e+01,3.500e-04,1.711e+02,0.000e+00,6.354e+01,2.944e-05,8.530e-01,3.052e-03
2.570e+01,2.634e-04,1.715e+02,0.000e+00,6.390e+01,4.028e-05,8.550e-01,3.903e-03
2.585e+01,2.493e-04,1.719e+02,0.000e+00,6.426e+01,3.056e-05,8.570e-01,4.053e-03
2.599e+01,1.915e-04,1.723e+02,0.000e+00,6.462e+01,2.694e-05,8.590e-01,4.403e-03
2.613e+01,1.592e-04,1.727e+02,0.000e+00,6.498e+01,3.222e-05,8.610e-01,4.203e-03
2.627e+01,1.366e-04,1.731e+02,0.000e+00,6.534e+01,3.611e-05,8.630e-01,3.803e-03
2.641e+01,1.106e-04,1.735e+02,0.000e+00,6.570e+01,2.972e-05,8.650e-01,2.952e-03
2.656e+01,8.944e-05,1.739e+02,0.000e+00,6.606e+01,3.083e-05,8.670e-01,2.802e-03
2.670e+01,6.408e-05,1.743e+02,0.000e+00,6.642e+01,2.583e-05,8.690e-01,3.703e-03
2.684e+01,5.704e-05,1.747e+02,0.000e+00,6.678e+01,2.778e-05,8.710e-01,3.703e-03
2.698e+01,6.127e-05,1.751e+02,0.000e+00,6.714e+01,2.556e-05,8.730e-01,3.352e-03
2.712e+01,2.817e-05,1.755e+02,0.000e+00,6.750e+01,2.444e-05,8.750e-01,3.002e-03
2.727e+01,2.958e-05,1.759e+02,0.000e+00,6.786e+01,1.944e-05,8.770e-01,3.002e-03
2.741e+01,2.324e-05,1.763e+02,0.000e+00,6.822e+01,2.389e-05,8.790e-01,3.402e-03
2.755e+01,2.042e-05,1.767e+02,0.000e+00,6.858e+01,2.694e-05,8.810e-01,3.252e-03
2.769e+01,1.408e-05,1.771e+02,0.000e+00,6.894e+01,2.278e-05,8.830e-01,3.102e-03
2.783e+01,4.930e-06,1.775e+02,0.000e+00,6.930e+01,2.472e-05,8.850e-01,3.552e-03
2.798e+01,4.225e-06,1.779e+02,0.000e+00,6.966e+01,1.972e-05,8.870e-01,3.502e-03
2.812e+01,4.930e-06,1.783e+02,0.000e+00,7.002e+01,2.056e-05,8.890e-01,3.102e-03
2.826e+01,4.930e-06,1.787e+02,0.000e+00,7.038e+01,1.972e-05,8.910e-01,3.252e-03
2.840e+01,7.042e-06,1.791e+02,0.000e+00,7.074e+01,1.861e-05,8.930e-01,4.303e-03
2.854e+01,4.930e-06,1.795e+02,0.000e+00,7.110e+01,1.806e-05,8.950e-01,3.352e-03
2.869e+01,2.817e-06,1.799e+02,0.000e+00,7.146e+01,2.167e-05,8.970e-01,2.902e-03
2.883e+01,2.817e-06,1.803e+02,0.000e+00,7.182e+01,1.667e-05,8.990e-01,3.352e-03
2.897e+01,7.042e-07,1.807e+02,0.000e+00,7.218e+01,2.083e-05,9.010e-01,2.602e-03
2.911e+01,2.113e-06,1.811e+02,0.000e+00,7.254e+01,1.500e-05,9.030e-01,3.002e-03
2.925e+01,0.000e+00,1.815e+02,0.000e+00,7.290e+01,1.917e-05,9.050e-01,2.602e-03
2.940e+01,0.000e+00,1.819e+02,0.000e+00,7.326e+01,1.833e-05,9.070e-01,2.852e-03
2.954e+01,0.000e+00,1.823e+02,0.000e+00,7.362e+01,1.889e-05,9.090e-01,2.652e-03
2.968e+01,0.000e+00,1.827e+02,0.000e+00,7.398e+01,1.500e-05,9.110e-01,3.152e-03
2.982e+01,7.042e-07,1.831e+02,0.000e+00,7.434e+01,1.250e-05,9.130e-01,2.952e-03
2.996e+01,0.000e+00,1.835e+02,0.000e+00,7.470e+01,1.750e-05,9.150e-01,3.002e-03
3.011e+01,0.000e+00,1.839e+02,0.000e+00,7.506e+01,1.250e-05,9.170e-01,2.752e-03
3.025e+01,0.000e+00,1.843e+02,0.000e+00,7.542e+01,1.361e-05,9.190e-01,2.752e-03
3.039e+01,0.000e+00,1.847e+02,0.000e+00,7.578e+01,1.444e-05,9.210e-01,2.852e-03
3.053e+01,7.042e-07,1.851e+02,0.000e+00,7.614e+01,1.694e-05,9.230e-01,2.352e-03
3.067e+01,0.000e+00,1.855e+02,0.000e+00,7.650e+01,1.611e-05,9.250e-01,2.952e-03
3.082e+01,0.000e+00,1.859e+02,0.000e+00,7.686e+01,1.472e-05,9.270e-01,3.502e-03
3.096e+01,0.000e+00,1.863e+02,0.000e+00,7.722e+01,1.028e-05,9.290e-01,2.702e-03
3.110e+01,0.000e+00,1.867e+02,0.000e+00,7.758e+01,1.278e-05,9.310e-01,3.102e-03
3.124e+01,0.000e+00,1.871e+02,0.000e+00,7.794e+01,1.083e-05,9.330e-01,3.152e-03
3.138e+01,0.000e+00,1.875e+02,0.000e+00,7.830e+01,1.139e-05,9.350e-01,2.202e-03
3.153e+01,0.000e+00,1.879e+02,0.000e+00,7.866e+01,8.333e-06,9.370e-01,2.652e-03
3.167e+01,0.000e+00,1.883e+02,0.000e+00,7.902e+01,9.444e-06,9.390e-01,2.602e-03
3.181e+01,0.000e+00,1.887e+02,0.000e+00,7.938e+01,8.056e-06,9.410e-01,2.302e-03
3.195e+01,0.000e+00,1.891e+02,0.000e+00,7.974e+01,7.222e-06,9.430e-01,2.302e-03
3.209e+01,0.000e+00,1.895e+02,0.000e+00,8.010e+01,8.056e-06,9.450e-01,1.851e-03
3.224e+01,0.000e+00,1.899e+02,0.000e+00,8.046e+01,1.194e-05,9.470e-01,2.602e-03
3.238e+01,0.000e+00,1.903e+02,0.000e+00,8.082e+01,6.944e-06,9.490e-01,1.951e-03
3.252e+01,0.000e+00,1.907e+02,0.000e+00,8.118e+01,7.222e-06,9.510e-01,2.001e-03
3.266e+01,0.000e+00,1.911e+02,0.000e+00,8.154e+01,9.444e-06,9.530e-01,1.901e-03
3.280e+01,0.000e+00,1.915e+02,0.000e+00,8.190e+01,5.833e-06,9.550e-01,2.902e-03
3.295e+01,0.000e+00,1.919e+02,0.000e+00,8.226e+01,7.500e-06,9.570e-01,1.901e-03
3.309e+01,0.000e+00,1.923e+02,0.000e+00,8.262e+01,6.111e-06,9.590e-01,2.402e-03
3.323e+01,0.000e+00,1.927e+02,0.000e+00,8.298e+01,5.833e-06,9.610e-01,1.851e-03
3.337e+01,0.000e+00,1.931e+02,0.000e+00,8.334e+01,6.667e-06,9.630e-01,2.001e-03
3.351e+01,0.000e+00,1.935e+02,0.000e+00,8.370e+01,6.944e-06,9.650e-01,2.702e-03
3.366e+01,0.000e+00,1.939e+02,0.000e+00,8.406e+01,5.556e-06,9.670e-01,2.001e-03
3.380e+01,0.000e+00,1.943e+02,0.000e+00,8.442e+01,4.722e-06,9.690e-01,2.702e-03
3.394e+01,0.000e+00,1.947e+02,0.000e+00,8.478e+01,3.333e-06,9.710e-01,2.151e-03
3.408e+01,0.000e+00,1.951e+02,0.000e+00,8.514e+01,4.167e-06,9.730e-01,2.051e-03
3.422e+01,0.000e+00,1.955e+02,0.000e+00,8.550e+01,4.722e-06,9.750e-01,1.851e-03
3.437e+01,0.000e+00,1.959e+02,0.000e+00,8.586e+01,2.500e-06,9.770e-01,2.101e-03
3.451e+01,0.000e+00,1.963e+02,0.000e+00,8.622e+01,3.056e-06,9.790e-01,2.752e-03
3.465e+01,0.000e+00,1.967e+02,0.000e+00,8.658e+01,3.056e-06,9.810e-01,2.202e-03
3.479e+01,0.000e+00,1.971e+02,0.000e+00,8.694e+01,3.056e-06,9.830e-01,2.151e-03
3.493e+01,0.000e+00,1.975e+02,0.000e+00,8.730e+01,1.667e-06,9.850e-01,1.551e-03
3.508e+01,0.000e+00,1.979e+02,0.000e+00,8.766e+01,2.222e-06,9.870e-01,2.602e-03
3.522e+01,0.000e+00,1.983e+02,0.000e+00,8.802e+01,8.333e-07,9.890e-01,2.001e-03
3.536e+01,0.000e+00,1.987e+02,0.000e+00,8.838e+01,1.111e-06,9.910e-01,2.202e-03
3.550e+01,0.000e+00,1.991e+02,0.000e+00,8.874e+01,8.333e-07,9.930e-01,2.352e-03
3.564e+01,0.000e+00,1.995e+02,0.000e+00,8.910e+01,0.000e+00,9.950e-01,2.151e-03
3.579e+01,0.000e+00,1.999e+02,0.000e+00,8.946e+01,2.778e-07,9.970e-01,2.202e-03
3.593e+01,0.000e+00,2.003e+02,0.000e+00,8.982e+01,0.000e+00,9.990e-01,1.901e-03
