-3.493e+01,0.000e+00,7.000e-01,0.000e+00,-8.982e+01,4.833e-05,1.000e-03,0.000e+00
-3.479e+01,0.000e+00,1.100e+00,0.000e+00,-8.946e+01,1.558e-04,3.000e-03,0.000e+00
-3.464e+01,0.000e+00,1.500e+00,0.000e+00,-8.910e+01,2.475e-04,5.000e-03,0.000e+00
-3.450e+01,0.000e+00,1.900e+00,0.000e+00,-8.874e+01,3.569e-04,7.000e-03,0.000e+00
-3.436e+01,0.000e+00,2.300e+00,0.000e+00,-8.838e+01,4.692e-04,9.000e-03,5.000e-05
-3.422e+01,0.000e+00,2.700e+00,0.000e+00,-8.802e+01,5.383e-04,1.100e-02,5.000e-05
-3.408e+01,0.000e+00,3.100e+00,0.000e+00,-8.766e+01,6.458e-04,1.300e-02,5.000e-05
-3.394e+01,0.000e+00,3.500e+00,0.000e+00,-8.730e+01,7.528e-04,1.500e-02,1.000e-04
-3.379e+01,0.000e+00,3.900e+00,0.000e+00,-8.694e+01,8.519e-04,1.700e-02,4.500e-04
-3.365e+01,0.000e+00,4.300e+00,0.000e+00,-8.658e+01,9.511e-04,1.900e-02,7.000e-04
-3.351e+01,0.000e+00,4.700e+00,0.000e+00,-8.622e+01,1.068e-03,2.100e-02,1.500e-03
-3.337e+01,0.000e+00,5.100e+00,0.000e+00,-8.586e+01,1.180e-03,2.300e-02,4.050e-03
-3.323e+01,0.000e+00,5.500e+00,0.000e+00,-8.550e+01,1.299e-03,2.500e-02,7.800e-03
-3.308e+01,0.000e+00,5.900e+00,0.000e+00,-8.514e+01,1.453e-03,2.700e-02,1.360e-02
-3.294e+01,0.000e+00,6.300e+00,0.000e+00,-8.478e+01,1.535e-03,2.900e-02,2.525e-02
-3.280e+01,0.000e+00,6.700e+00,0.000e+00,-8.442e+01,1.636e-03,3.100e-02,4.630e-02
-3.266e+01,0.000e+00,7.100e+00,0.000e+00,-8.406e+01,1.759e-03,3.300e-02,8.055e-02
-3.252e+01,0.000e+00,7.500e+00,0.000e+00,-8.370e+01,1.966e-03,3.500e-02,1.411e-01
-3.237e+01,0.000e+00,7.900e+00,0.000e+00,-8.334e+01,2.093e-03,3.700e-02,2.122e-01
-3.223e+01,0.000e+00,8.300e+00,0.000e+00,-8.298e+01,2.217e-03,3.900e-02,3.257e-01
-3.209e+01,0.000e+00,8.700e+00,0.000e+00,-8.262e+01,2.338e-03,4.100e-02,4.789e-01
-3.195e+01,0.000e+00,9.100e+00,0.000e+00,-8.226e+01,2.452e-03,4.300e-02,6.836e-01
-3.180e+01,0.000e+00,9.500e+00,0.000e+00,-8.190e+01,2.629e-03,4.500e-02,9.413e-01
-3.166e+01,0.000e+00,9.900e+00,0.000e+00,-8.154e+01,2.794e-03,4.700e-02,1.278e+00
-3.152e+01,0.000e+00,1.030e+01,0.000e+00,-8.118e+01,2.935e-03,4.900e-02,1.709e+00
-3.138e+01,0.000e+00,1.070e+01,0.000e+00,-8.082e+01,3.101e-03,5.100e-02,2.203e+00
-3.124e+01,0.000e+00,1.110e+01,0.000e+00,-8.046e+01,3.267e-03,5.300e-02,2.817e+00
-3.109e+01,0.000e+00,1.150e+01,0.000e+00,-8.010e+01,3.385e-03,5.500e-02,3.517e+00
-3.095e+01,0.000e+00,1.190e+01,0.000e+00,-7.974e+01,3.610e-03,5.700e-02,4.355e+00
-3.081e+01,0.000e+00,1.230e+01,0.000e+00,-7.938e+01,3.769e-03,5.900e-02,5.286e+00
-3.067e+01,0.000e+00,1.270e+01,0.000e+00,-7.902e+01,4.030e-03,6.100e-02,6.342e+00
-3.053e+01,0.000e+00,1.310e+01,0.000e+00,-7.866e+01,4.185e-03,6.300e-02,7.503e+00
-3.038e+01,0.000e+00,1.350e+01,0.000e+00,-7.830e+01,4.365e-03,6.500e-02,8.697e+00
-3.024e+01,0.000e+00,1.390e+01,0.000e+00,-7.794e+01,4.627e-03,6.700e-02,9.967e+00
-3.010e+01,0.000e+00,1.430e+01,0.000e+00,-7.758e+01,4.836e-03,6.900e-02,1.127e+01
-2.996e+01,0.000e+00,1.470e+01,0.000e+00,-7.722e+01,5.065e-03,7.100e-02,1.255e+01
-2.982e+01,0.000e+00,1.510e+01,0.000e+00,-7.686e+01,5.299e-03,7.300e-02,1.370e+01
-2.968e+01,0.000e+00,1.550e+01,0.000e+00,-7.650e+01,5.514e-03,7.500e-02,1.496e+01
-2.953e+01,0.000e+00,1.590e+01,0.000e+00,-7.614e+01,5.789e-03,7.700e-02,1.597e+01
-2.939e+01,0.000e+00,1.630e+01,0.000e+00,-7.578e+01,6.099e-03,7.900e-02,1.695e+01
-2.925e+01,0.000e+00,1.670e+01,0.000e+00,-7.542e+01,6.256e-03,8.100e-02,1.778e+01
-2.911e+01,0.000e+00,1.710e+01,0.000e+00,-7.506e+01,6.590e-03,8.300e-02,1.837e+01
-2.896e+01,0.000e+00,1.750e+01,0.000e+00,-7.470e+01,6.870e-03,8.500e-02,1.895e+01
-2.882e+01,0.000e+00,1.790e+01,0.000e+00,-7.434e+01,7.075e-03,8.700e-02,1.924e+01
-2.868e+01,0.000e+00,1.830e+01,0.000e+00,-7.398e+01,7.390e-03,8.900e-02,1.929e+01
-2.854e+01,0.000e+00,1.870e+01,0.000e+00,-7.362e+01,7.716e-03,9.100e-02,1.935e+01
-2.840e+01,0.000e+00,1.910e+01,2.500e-07,-7.326e+01,8.084e-03,9.300e-02,1.915e+01
-2.826e+01,0.000e+00,1.950e+01,0.000e+00,-7.290e+01,8.405e-03,9.500e-02,1.875e+01
-2.811e+01,0.000e+00,1.990e+01,0.000e+00,-7.254e+01,8.677e-03,9.700e-02,1.826e+01
-2.797e+01,0.000e+00,2.030e+01,0.000e+00,-7.218e+01,9.007e-03,9.900e-02,1.766e+01
-2.783e+01,0.000e+00,2.070e+01,2.500e-07,-7.182e+01,9.333e-03,1.010e-01,1.684e+01
-2.769e+01,0.000e+00,2.110e+01,0.000e+00,-7.146e+01,9.734e-03,1.030e-01,1.602e+01
-2.755e+01,0.000e+00,2.150e+01,2.500e-07,-7.110e+01,1.002e-02,1.050e-01,1.509e+01
-2.740e+01,0.000e+00,2.190e+01,5.000e-07,-7.074e+01,1.051e-02,1.070e-01,1.411e+01
-2.726e+01,0.000e+00,2.230e+01,2.500e-07,-7.038e+01,1.088e-02,1.090e-01,1.308e+01
-2.712e+01,0.000e+00,2.270e+01,1.000e-06,-7.002e+01,1.128e-02,1.110e-01,1.206e+01
-2.698e+01,0.000e+00,2.310e+01,3.250e-06,-6.966e+01,1.168e-02,1.130e-01,1.097e+01
-2.684e+01,0.000e+00,2.350e+01,4.500e-06,-6.930e+01,1.202e-02,1.150e-01,9.890e+00
-2.669e+01,0.000e+00,2.390e+01,5.500e-06,-6.894e+01,1.250e-02,1.170e-01,8.896e+00
-2.655e+01,0.000e+00,2.430e+01,8.750e-06,-6.858e+01,1.276e-02,1.190e-01,7.925e+00
-2.641e+01,0.000e+00,2.470e+01,9.750e-06,-6.822e+01,1.326e-02,1.210e-01,7.019e+00
-2.627e+01,0.000e+00,2.510e+01,1.900e-05,-6.786e+01,1.375e-02,1.230e-01,6.105e+00
-2.612e+01,0.000e+00,2.550e+01,2.475e-05,-6.750e+01,1.407e-02,1.250e-01,5.315e+00
-2.598e+01,0.000e+00,2.590e+01,3.075e-05,-6.714e+01,1.451e-02,1.270e-01,4.621e+00
-2.584e+01,0.000e+00,2.630e+01,5.150e-05,-6.678e+01,1.496e-02,1.290e-01,3.949e+00
-2.570e+01,0.000e+00,2.670e+01,6.600e-05,-6.642e+01,1.535e-02,1.310e-01,3.339e+00
-2.556e+01,0.000e+00,2.710e+01,9.475e-05,-6.606e+01,1.581e-02,1.330e-01,2.817e+00
-2.541e+01,0.000e+00,2.750e+01,1.310e-04,-6.570e+01,1.643e-02,1.350e-01,2.382e+00
-2.527e+01,0.000e+00,2.790e+01,1.737e-04,-6.534e+01,1.684e-02,1.370e-01,2.003e+00
-2.513e+01,0.000e+00,2.830e+01,2.360e-04,-6.498e+01,1.740e-02,1.390e-01,1.654e+00
-2.499e+01,0.000e+00,2.870e+01,3.152e-04,-6.462e+01,1.773e-02,1.410e-01,1.364e+00
-2.485e+01,0.000e+00,2.910e+01,4.380e-04,-6.426e+01,1.825e-02,1.430e-01,1.129e+00
-2.471e+01,0.000e+00,2.950e+01,5.750e-04,-6.390e+01,1.859e-02,1.450e-01,9.103e-01
-2.456e+01,0.000e+00,2.990e+01,7.370e-04,-6.354e+01,1.917e-02,1.470e-01,7.337e-01
-2.442e+01,0.000e+00,3.030e+01,9.512e-04,-6.318e+01,1.978e-02,1.490e-01,5.999e-01
-2.428e+01,0.000e+00,3.070e+01,1.234e-03,-6.282e+01,2.011e-02,1.510e-01,4.867e-01
-2.414e+01,0.000e+00,3.110e+01,1.607e-03,-6.246e+01,2.068e-02,1.530e-01,3.817e-01
-2.400e+01,0.000e+00,3.150e+01,2.003e-03,-6.210e+01,2.116e-02,1.550e-01,3.115e-01
-2.385e+01,0.000e+00,3.190e+01,2.494e-03,-6.174e+01,2.167e-02,1.570e-01,2.495e-01
-2.371e+01,0.000e+00,3.230e+01,3.126e-03,-6.138e+01,2.210e-02,1.590e-01,1.979e-01
-2.357e+01,0.000e+00,3.270e+01,3.834e-03,-6.102e+01,2.270e-02,1.610e-01,1.577e-01
-2.343e+01,0.000e+00,3.310e+01,4.634e-03,-6.066e+01,2.308e-02,1.630e-01,1.223e-01
-2.329e+01,0.000e+00,3.350e+01,5.622e-03,-6.030e+01,2.354e-02,1.650e-01,9.505e-02
-2.314e+01,0.000e+00,3.390e+01,6.672e-03,-5.994e+01,2.392e-02,1.670e-01,7.985e-02
-2.300e+01,0.000e+00,3.430e+01,8.028e-03,-5.958e+01,2.446e-02,1.690e-01,6.010e-02
-2.286e+01,0.000e+00,3.470e+01,9.352e-03,-5.922e+01,2.496e-02,1.710e-01,4.785e-02
-2.272e+01,0.000e+00,3.510e+01,1.095e-02,-5.886e+01,2.527e-02,1.730e-01,3.795e-02
-2.258e+01,0.000e+00,3.550e+01,1.265e-02,-5.850e+01,2.589e-02,1.750e-01,3.000e-02
-2.243e+01,0.000e+00,3.590e+01,1.452e-02,-5.814e+01,2.617e-02,1.770e-01,2.185e-02
-2.229e+01,0.000e+00,3.630e+01,1.654e-02,-5.778e+01,2.662e-02,1.790e-01,1.935e-02
-2.215e+01,0.000e+00,3.670e+01,1.874e-02,-5.742e+01,2.718e-02,1.810e-01,1.470e-02
-2.201e+01,0.000e+00,3.710e+01,2.102e-02,-5.706e+01,2.756e-02,1.830e-01,1.025e-02
-2.187e+01,0.000e+00,3.750e+01,2.340e-02,-5.670e+01,2.794e-02,1.850e-01,8.350e-03
-2.172e+01,0.000e+00,3.790e+01,2.604e-02,-5.634e+01,2.830e-02,1.870e-01,6.500e-03
-2.158e+01,0.000e+00,3.830e+01,2.844e-02,-5.598e+01,2.842e-02,1.890e-01,5.200e-03
-2.144e+01,0.000e+00,3.870e+01,3.117e-02,-5.562e+01,2.899e-02,1.910e-01,4.000e-03
-2.130e+01,0.000e+00,3.910e+01,3.374e-02,-5.526e+01,2.918e-02,1.930e-01,3.850e-03
-2.116e+01,0.000e+00,3.950e+01,3.599e-02,-5.490e+01,2.962e-02,1.950e-01,1.950e-03
-2.101e+01,0.000e+00,3.990e+01,3.862e-02,-5.454e+01,2.977e-02,1.970e-01,1.500e-03
-2.087e+01,0.000e+00,4.030e+01,4.107e-02,-5.418e+01,3.019e-02,1.990e-01,1.700e-03
-2.073e+01,0.000e+00,4.070e+01,4.321e-02,-5.382e+01,3.029e-02,2.010e-01,1.300e-03
-2.059e+01,0.000e+00,4.110e+01,4.535e-02,-5.346e+01,3.075e-02,2.030e-01,1.050e-03
-2.045e+01,0.000e+00,4.150e+01,4.749e-02,-5.310e+01,3.084e-02,2.050e-01,1.100e-03
-2.030e+01,0.000e+00,4.190e+01,4.940e-02,-5.274e+01,3.112e-02,2.070e-01,7.000e-04
-2.016e+01,0.000e+00,4.230e+01,5.099e-02,-5.238e+01,3.109e-02,2.090e-01,2.000e-04
-2.002e+01,0.000e+00,4.270e+01,5.276e-02,-5.202e+01,3.126e-02,2.110e-01,6.500e-04
-1.988e+01,0.000e+00,4.310e+01,5.383e-02,-5.166e+01,3.155e-02,2.130e-01,3.500e-04
-1.973e+01,0.000e+00,4.350e+01,5.484e-02,-5.130e+01,3.158e-02,2.150e-01,4.000e-04
-1.959e+01,0.000e+00,4.390e+01,5.548e-02,-5.094e+01,3.167e-02,2.170e-01,5.000e-05
-1.945e+01,0.000e+00,4.430e+01,5.601e-02,-5.058e+01,3.147e-02,2.190e-01,1.500e-04
-1.931e+01,0.000e+00,4.470e+01,5.636e-02,-5.022e+01,3.168e-02,2.210e-01,5.000e-05
-1.917e+01,0.000e+00,4.510e+01,5.665e-02,-4.986e+01,3.164e-02,2.230e-01,0.000e+00
-1.903e+01,7.042e-07,4.550e+01,5.646e-02,-4.950e+01,3.142e-02,2.250e-01,0.000e+00
-1.888e+01,0.000e+00,4.590e+01,5.611e-02,-4.914e+01,3.152e-02,2.270e-01,5.000e-05
-1.874e+01,0.000e+00,4.630e+01,5.583e-02,-4.878e+01,3.128e-02,2.290e-01,0.000e+00
-1.860e+01,0.000e+00,4.670e+01,5.500e-02,-4.842e+01,3.130e-02,2.310e-01,0.000e+00
-1.846e+01,0.000e+00,4.710e+01,5.441e-02,-4.806e+01,3.103e-02,2.330e-01,0.000e+00
-1.832e+01,0.000e+00,4.750e+01,5.341e-02,-4.770e+01,3.083e-02,2.350e-01,0.000e+00
-1.817e+01,0.000e+00,4.790e+01,5.238e-02,-4.734e+01,3.063e-02,2.370e-01,5.000e-05
-1.803e+01,1.408e-06,4.830e+01,5.092e-02,-4.698e+01,3.039e-02,2.390e-01,0.000e+00
-1.789e+01,1.408e-06,4.870e+01,4.979e-02,-4.662e+01,3.015e-02,2.410e-01,0.000e+00
-1.775e+01,0.000e+00,4.910e+01,4.839e-02,-4.626e+01,2.999e-02,2.430e-01,0.000e+00
-1.761e+01,7.042e-07,4.950e+01,4.703e-02,-4.590e+01,2.979e-02,2.450e-01,0.000e+00
-1.746e+01,0.000e+00,4.990e+01,4.547e-02,-4.554e+01,2.946e-02,2.470e-01,0.000e+00
-1.732e+01,7.042e-07,5.030e+01,4.429e-02,-4.518e+01,2.905e-02,2.490e-01,0.000e+00
-1.718e+01,7.042e-07,5.070e+01,4.248e-02,-4.482e+01,2.849e-02,2.510e-01,0.000e+00
-1.704e+01,2.113e-06,5.110e+01,4.083e-02,-4.446e+01,2.830e-02,2.530e-01,0.000e+00
-1.690e+01,7.042e-07,5.150e+01,3.944e-02,-4.410e+01,2.776e-02,2.550e-01,0.000e+00
-1.675e+01,1.408e-06,5.190e+01,3.770e-02,-4.374e+01,2.726e-02,2.570e-01,0.000e+00
-1.661e+01,7.042e-07,5.230e+01,3.612e-02,-4.338e+01,2.680e-02,2.590e-01,0.000e+00
-1.647e+01,2.817e-06,5.270e+01,3.472e-02,-4.302e+01,2.620e-02,2.610e-01,0.000e+00
-1.633e+01,4.225e-06,5.310e+01,3.302e-02,-4.266e+01,2.588e-02,2.630e-01,0.000e+00
-1.619e+01,3.521e-06,5.350e+01,3.149e-02,-4.230e+01,2.521e-02,2.650e-01,0.000e+00
-1.604e+01,3.521e-06,5.390e+01,2.998e-02,-4.194e+01,2.487e-02,2.670e-01,0.000e+00
-1.590e+01,4.930e-06,5.430e+01,2.872e-02,-4.158e+01,2.420e-02,2.690e-01,0.000e+00
-1.576e+01,5.634e-06,5.470e+01,2.708e-02,-4.122e+01,2.372e-02,2.710e-01,0.000e+00
-1.562e+01,1.056e-05,5.510e+01,2.578e-02,-4.086e+01,2.329e-02,2.730e-01,0.000e+00
-1.548e+01,4.930e-06,5.550e+01,2.424e-02,-4.050e+01,2.239e-02,2.750e-01,0.000e+00
-1.533e+01,1.127e-05,5.590e+01,2.301e-02,-4.014e+01,2.209e-02,2.770e-01,0.000e+00
-1.519e+01,1.056e-05,5.630e+01,2.181e-02,-3.978e+01,2.141e-02,2.790e-01,0.000e+00
-1.505e+01,1.408e-05,5.670e+01,2.060e-02,-3.942e+01,2.082e-02,2.810e-01,0.000e+00
-1.491e+01,1.479e-05,5.710e+01,1.948e-02,-3.906e+01,2.029e-02,2.830e-01,0.000e+00
-1.477e+01,9.155e-06,5.750e+01,1.829e-02,-3.870e+01,1.960e-02,2.850e-01,0.000e+00
-1.462e+01,1.479e-05,5.790e+01,1.733e-02,-3.834e+01,1.905e-02,2.870e-01,0.000e+00
-1.448e+01,2.535e-05,5.830e+01,1.637e-02,-3.798e+01,1.842e-02,2.890e-01,0.000e+00
-1.434e+01,2.324e-05,5.870e+01,1.537e-02,-3.762e+01,1.799e-02,2.910e-01,0.000e+00
-1.420e+01,2.676e-05,5.910e+01,1.431e-02,-3.726e+01,1.736e-02,2.930e-01,0.000e+00
-1.406e+01,2.817e-05,5.950e+01,1.353e-02,-3.690e+01,1.662e-02,2.950e-01,0.000e+00
-1.391e+01,3.873e-05,5.990e+01,1.273e-02,-3.654e+01,1.608e-02,2.970e-01,0.000e+00
-1.377e+01,3.310e-05,6.030e+01,1.191e-02,-3.618e+01,1.533e-02,2.990e-01,0.000e+00
-1.363e+01,4.859e-05,6.070e+01,1.122e-02,-3.582e+01,1.500e-02,3.010e-01,0.000e+00
-1.349e+01,3.873e-05,6.110e+01,1.051e-02,-3.546e+01,1.441e-02,3.030e-01,0.000e+00
-1.335e+01,5.845e-05,6.150e+01,9.794e-03,-3.510e+01,1.391e-02,3.050e-01,0.000e+00
-1.320e+01,6.127e-05,6.190e+01,9.154e-03,-3.474e+01,1.323e-02,3.070e-01,0.000e+00
-1.306e+01,5.704e-05,6.230e+01,8.545e-03,-3.438e+01,1.281e-02,3.090e-01,0.000e+00
-1.292e+01,8.028e-05,6.270e+01,8.004e-03,-3.402e+01,1.221e-02,3.110e-01,0.000e+00
-1.278e+01,8.169e-05,6.310e+01,7.556e-03,-3.366e+01,1.182e-02,3.130e-01,0.000e+00
-1.264e+01,1.049e-04,6.350e+01,6.997e-03,-3.330e+01,1.116e-02,3.150e-01,0.000e+00
-1.249e+01,1.056e-04,6.390e+01,6.547e-03,-3.294e+01,1.066e-02,3.170e-01,0.000e+00
-1.235e+01,1.275e-04,6.430e+01,6.116e-03,-3.258e+01,1.015e-02,3.190e-01,0.000e+00
-1.221e+01,1.549e-04,6.470e+01,5.747e-03,-3.222e+01,9.821e-03,3.210e-01,0.000e+00
-1.207e+01,1.423e-04,6.510e+01,5.319e-03,-3.186e+01,9.221e-03,3.230e-01,0.000e+00
-1.193e+01,1.472e-04,6.550e+01,4.991e-03,-3.150e+01,8.771e-03,3.250e-01,0.000e+00
-1.178e+01,1.768e-04,6.590e+01,4.670e-03,-3.114e+01,8.323e-03,3.270e-01,0.000e+00
-1.164e+01,2.148e-04,6.630e+01,4.270e-03,-3.078e+01,7.969e-03,3.290e-01,0.000e+00
-1.150e+01,2.261e-04,6.670e+01,4.008e-03,-3.042e+01,7.629e-03,3.310e-01,0.000e+00
-1.136e+01,2.324e-04,6.710e+01,3.745e-03,-3.006e+01,7.147e-03,3.330e-01,0.000e+00
-1.122e+01,2.542e-04,6.750e+01,3.505e-03,-2.970e+01,6.798e-03,3.350e-01,0.000e+00
-1.107e+01,2.838e-04,6.790e+01,3.293e-03,-2.934e+01,6.430e-03,3.370e-01,0.000e+00
-1.093e+01,3.092e-04,6.830e+01,3.019e-03,-2.898e+01,6.094e-03,3.390e-01,0.000e+00
-1.079e+01,3.500e-04,6.870e+01,2.836e-03,-2.862e+01,5.679e-03,3.410e-01,0.000e+00
-1.065e+01,3.711e-04,6.910e+01,2.668e-03,-2.826e+01,5.338e-03,3.430e-01,0.000e+00
-1.051e+01,4.204e-04,6.950e+01,2.485e-03,-2.790e+01,4.993e-03,3.450e-01,0.000e+00
-1.036e+01,3.986e-04,6.990e+01,2.254e-03,-2.754e+01,4.714e-03,3.470e-01,0.000e+00
-1.022e+01,4.570e-04,7.030e+01,2.129e-03,-2.718e+01,4.323e-03,3.490e-01,0.000e+00
-1.008e+01,5.042e-04,7.070e+01,1.958e-03,-2.682e+01,4.016e-03,3.510e-01,0.000e+00
-9.937e+00,5.676e-04,7.110e+01,1.845e-03,-2.646e+01,3.823e-03,3.530e-01,0.000e+00
-9.795e+00,5.803e-04,7.150e+01,1.690e-03,-2.610e+01,3.498e-03,3.550e-01,0.000e+00
-9.653e+00,6.387e-04,7.190e+01,1.589e-03,-2.574e+01,3.295e-03,3.570e-01,0.000e+00
-9.511e+00,7.394e-04,7.230e+01,1.450e-03,-2.538e+01,3.079e-03,3.590e-01,0.000e+00
-9.369e+00,7.324e-04,7.270e+01,1.357e-03,-2.502e+01,2.788e-03,3.610e-01,0.000e+00
-9.227e+00,7.965e-04,7.310e+01,1.284e-03,-2.466e+01,2.631e-03,3.630e-01,0.000e+00
-9.085e+00,9.514e-04,7.350e+01,1.168e-03,-2.430e+01,2.361e-03,3.650e-01,0.000e+00
-8.943e+00,9.761e-04,7.390e+01,1.077e-03,-2.394e+01,2.146e-03,3.670e-01,0.000e+00
-8.801e+00,1.016e-03,7.430e+01,1.017e-03,-2.358e+01,1.962e-03,3.690e-01,0.000e+00
-8.659e+00,1.109e-03,7.470e+01,9.413e-04,-2.322e+01,1.760e-03,3.710e-01,0.000e+00
-8.517e+00,1.202e-03,7.510e+01,9.097e-04,-2.286e+01,1.582e-03,3.730e-01,0.000e+00
-8.375e+00,1.309e-03,7.550e+01,8.215e-04,-2.250e+01,1.473e-03,3.750e-01,0.000e+00
-8.233e+00,1.425e-03,7.590e+01,7.470e-04,-2.214e+01,1.325e-03,3.770e-01,0.000e+00
-8.091e+00,1.523e-03,7.630e+01,6.817e-04,-2.178e+01,1.190e-03,3.790e-01,0.000e+00
-7.949e+00,1.635e-03,7.670e+01,6.455e-04,-2.142e+01,1.027e-03,3.810e-01,0.000e+00
-7.807e+00,1.751e-03,7.710e+01,6.178e-04,-2.106e+01,9.408e-04,3.830e-01,0.000e+00
-7.665e+00,1.832e-03,7.750e+01,5.518e-04,-2.070e+01,8.175e-04,3.850e-01,0.000e+00
-7.523e+00,1.915e-03,7.790e+01,5.250e-04,-2.034e+01,6.972e-04,3.870e-01,0.000e+00
-7.381e+00,2.131e-03,7.830e+01,4.850e-04,-1.998e+01,6.292e-04,3.890e-01,0.000e+00
-7.239e+00,2.167e-03,7.870e+01,4.478e-04,-1.962e+01,5.489e-04,3.910e-01,0.000e+00
-7.097e+00,2.364e-03,7.910e+01,3.932e-04,-1.926e+01,4.856e-04,3.930e-01,0.000e+00
-6.955e+00,2.554e-03,7.950e+01,3.853e-04,-1.890e+01,4.042e-04,3.950e-01,0.000e+00
-6.813e+00,2.638e-03,7.990e+01,3.505e-04,-1.854e+01,3.664e-04,3.970e-01,0.000e+00
-6.671e+00,2.879e-03,8.030e+01,3.257e-04,-1.818e+01,2.972e-04,3.990e-01,0.000e+00
-6.529e+00,2.956e-03,8.070e+01,3.005e-04,-1.782e+01,2.472e-04,4.010e-01,0.000e+00
-6.387e+00,3.203e-03,8.110e+01,2.642e-04,-1.746e+01,2.164e-04,4.030e-01,0.000e+00
-6.245e+00,3.363e-03,8.150e+01,2.587e-04,-1.710e+01,1.711e-04,4.050e-01,0.000e+00
-6.103e+00,3.705e-03,8.190e+01,2.207e-04,-1.674e+01,1.456e-04,4.070e-01,0.000e+00
-5.961e+00,3.871e-03,8.230e+01,2.195e-04,-1.638e+01,1.222e-04,4.090e-01,0.000e+00
-5.819e+00,4.105e-03,8.270e+01,2.137e-04,-1.602e+01,1.031e-04,4.110e-01,0.000e+00
-5.677e+00,4.358e-03,8.310e+01,1.812e-04,-1.566e+01,7.667e-05,4.130e-01,0.000e+00
-5.535e+00,4.503e-03,8.350e+01,1.745e-04,-1.530e+01,6.389e-05,4.150e-01,0.000e+00
-5.393e+00,4.817e-03,8.390e+01,1.557e-04,-1.494e+01,5.167e-05,4.170e-01,0.000e+00
-5.251e+00,5.104e-03,8.430e+01,1.522e-04,-1.458e+01,3.639e-05,4.190e-01,0.000e+00
-5.109e+00,5.311e-03,8.470e+01,1.367e-04,-1.422e+01,3.306e-05,4.210e-01,0.000e+00
-4.967e+00,5.608e-03,8.510e+01,1.280e-04,-1.386e+01,2.222e-05,4.230e-01,0.000e+00
-4.825e+00,5.879e-03,8.550e+01,1.075e-04,-1.350e+01,1.917e-05,4.250e-01,0.000e+00
-4.683e+00,6.232e-03,8.590e+01,1.025e-04,-1.314e+01,1.444e-05,4.270e-01,0.000e+00
-4.541e+00,6.408e-03,8.630e+01,8.875e-05,-1.278e+01,1.000e-05,4.290e-01,0.000e+00
-4.399e+00,6.991e-03,8.670e+01,8.275e-05,-1.242e+01,1.028e-05,4.310e-01,0.000e+00
-4.257e+00,7.249e-03,8.710e+01,8.325e-05,-1.206e+01,5.278e-06,4.330e-01,0.000e+00
-4.115e+00,7.582e-03,8.750e+01,7.225e-05,-1.170e+01,4.444e-06,4.350e-01,0.000e+00
-3.973e+00,7.992e-03,8.790e+01,6.650e-05,-1.134e+01,3.333e-06,4.370e-01,0.000e+00
-3.831e+00,8.288e-03,8.830e+01,6.450e-05,-1.098e+01,1.389e-06,4.390e-01,0.000e+00
-3.689e+00,8.715e-03,8.870e+01,5.425e-05,-1.062e+01,1.667e-06,4.410e-01,0.000e+00
-3.547e+00,9.194e-03,8.910e+01,5.475e-05,-1.026e+01,1.111e-06,4.430e-01,0.000e+00
-3.405e+00,9.565e-03,8.950e+01,5.325e-05,-9.900e+00,1.111e-06,4.450e-01,0.000e+00
-3.263e+00,9.832e-03,8.990e+01,4.600e-05,-9.540e+00,0.000e+00,4.470e-01,0.000e+00
-3.121e+00,1.036e-02,9.030e+01,4.150e-05,-9.180e+00,5.556e-07,4.490e-01,0.000e+00
-2.979e+00,1.090e-02,9.070e+01,4.000e-05,-8.820e+00,0.000e+00,4.510e-01,0.000e+00
-2.837e+00,1.133e-02,9.110e+01,3.425e-05,-8.460e+00,0.000e+00,4.530e-01,0.000e+00
-2.695e+00,1.185e-02,9.150e+01,3.050e-05,-8.100e+00,0.000e+00,4.550e-01,0.000e+00
-2.553e+00,1.235e-02,9.190e+01,2.725e-05,-7.740e+00,0.000e+00,4.570e-01,0.000e+00
-2.411e+00,1.280e-02,9.230e+01,2.550e-05,-7.380e+00,0.000e+00,4.590e-01,0.000e+00
-2.269e+00,1.334e-02,9.270e+01,2.700e-05,-7.020e+00,0.000e+00,4.610e-01,0.000e+00
-2.127e+00,1.384e-02,9.310e+01,2.300e-05,-6.660e+00,0.000e+00,4.630e-01,0.000e+00
-1.985e+00,1.439e-02,9.350e+01,2.200e-05,-6.300e+00,0.000e+00,4.650e-01,0.000e+00
-1.843e+00,1.528e-02,9.390e+01,1.725e-05,-5.940e+00,0.000e+00,4.670e-01,0.000e+00
-1.701e+00,1.560e-02,9.430e+01,1.550e-05,-5.580e+00,0.000e+00,4.690e-01,0.000e+00
-1.559e+00,1.643e-02,9.470e+01,1.475e-05,-5.220e+00,0.000e+00,4.710e-01,0.000e+00
-1.417e+00,1.678e-02,9.510e+01,1.100e-05,-4.860e+00,0.000e+00,4.730e-01,0.000e+00
-1.275e+00,1.772e-02,9.550e+01,1.475e-05,-4.500e+00,0.000e+00,4.750e-01,0.000e+00
-1.133e+00,1.794e-02,9.590e+01,1.075e-05,-4.140e+00,0.000e+00,4.770e-01,0.000e+00
-9.910e-01,1.856e-02,9.630e+01,9.500e-06,-3.780e+00,0.000e+00,4.790e-01,0.000e+00
-8.490e-01,1.920e-02,9.670e+01,9.500e-06,-3.420e+00,0.000e+00,4.810e-01,0.000e+00
-7.070e-01,1.992e-02,9.710e+01,1.125e-05,-3.060e+00,0.000e+00,4.830e-01,0.000e+00
-5.650e-01,2.061e-02,9.750e+01,8.750e-06,-2.700e+00,0.000e+00,4.850e-01,0.000e+00
-4.230e-01,2.134e-02,9.790e+01,8.750e-06,-2.340e+00,0.000e+00,4.870e-01,0.000e+00
-2.810e-01,2.206e-02,9.830e+01,8.250e-06,-1.980e+00,0.000e+00,4.890e-01,0.000e+00
-1.390e-01,2.268e-02,9.870e+01,5.500e-06,-1.620e+00,0.000e+00,4.910e-01,0.000e+00
3.000e-03,2.321e-02,9.910e+01,4.000e-06,-1.260e+00,0.000e+00,4.930e-01,0.000e+00
1.450e-01,2.413e-02,9.950e+01,4.500e-06,-9.000e-01,0.000e+00,4.950e-01,0.000e+00
2.870e-01,2.472e-02,9.990e+01,4.750e-06,-5.400e-01,0.000e+00,4.970e-01,0.000e+00
4.290e-01,2.548e-02,1.003e+02,4.750e-06,-1.800e-01,0.000e+00,4.990e-01,0.000e+00
5.710e-01,2.632e-02,1.007e+02,4.750e-06,1.800e-01,0.000e+00,5.010e-01,0.000e+00
7.130e-01,2.705e-02,1.011e+02,3.000e-06,5.400e-01,0.000e+00,5.030e-01,0.000e+00
8.550e-01,2.771e-02,1.015e+02,3.250e-06,9.000e-01,0.000e+00,5.050e-01,0.000e+00
9.970e-01,2.858e-02,1.019e+02,2.750e-06,1.260e+00,0.000e+00,5.070e-01,0.000e+00
1.139e+00,2.894e-02,1.023e+02,2.500e-06,1.620e+00,0.000e+00,5.090e-01,0.000e+00
1.281e+00,2.995e-02,1.027e+02,1.250e-06,1.980e+00,0.000e+00,5.110e-01,0.000e+00
1.423e+00,3.104e-02,1.031e+02,1.500e-06,2.340e+00,0.000e+00,5.130e-01,0.000e+00
1.565e+00,3.169e-02,1.035e+02,2.000e-06,2.700e+00,0.000e+00,5.150e-01,0.000e+00
1.707e+00,3.208e-02,1.039e+02,2.500e-06,3.060e+00,0.000e+00,5.170e-01,0.000e+00
1.849e+00,3.312e-02,1.043e+02,7.500e-07,3.420e+00,0.000e+00,5.190e-01,0.000e+00
1.991e+00,3.386e-02,1.047e+02,1.250e-06,3.780e+00,0.000e+00,5.210e-01,0.000e+00
2.133e+00,3.487e-02,1.051e+02,5.000e-07,4.140e+00,0.000e+00,5.230e-01,0.000e+00
2.275e+00,3.537e-02,1.055e+02,1.500e-06,4.500e+00,0.000e+00,5.250e-01,0.000e+00
2.417e+00,3.654e-02,1.059e+02,7.500e-07,4.860e+00,0.000e+00,5.270e-01,0.000e+00
2.559e+00,3.732e-02,1.063e+02,5.000e-07,5.220e+00,0.000e+00,5.290e-01,0.000e+00
2.701e+00,3.808e-02,1.067e+02,1.000e-06,5.580e+00,0.000e+00,5.310e-01,0.000e+00
2.843e+00,3.900e-02,1.071e+02,5.000e-07,5.940e+00,0.000e+00,5.330e-01,0.000e+00
2.985e+00,3.998e-02,1.075e+02,5.000e-07,6.300e+00,0.000e+00,5.350e-01,0.000e+00
3.127e+00,4.057e-02,1.079e+02,7.500e-07,6.660e+00,0.000e+00,5.370e-01,0.000e+00
3.269e+00,4.136e-02,1.083e+02,1.250e-06,7.020e+00,0.000e+00,5.390e-01,0.000e+00
3.411e+00,4.185e-02,1.087e+02,7.500e-07,7.380e+00,0.000e+00,5.410e-01,0.000e+00
3.553e+00,4.310e-02,1.091e+02,5.000e-07,7.740e+00,0.000e+00,5.430e-01,0.000e+00
3.695e+00,4.373e-02,1.095e+02,0.000e+00,8.100e+00,0.000e+00,5.450e-01,0.000e+00
3.837e+00,4.465e-02,1.099e+02,2.500e-07,8.460e+00,0.000e+00,5.470e-01,0.000e+00
3.979e+00,4.559e-02,1.103e+02,5.000e-07,8.820e+00,0.000e+00,5.490e-01,0.000e+00
4.121e+00,4.602e-02,1.107e+02,2.500e-07,9.180e+00,0.000e+00,5.510e-01,0.000e+00
4.263e+00,4.762e-02,1.111e+02,0.000e+00,9.540e+00,0.000e+00,5.530e-01,0.000e+00
4.405e+00,4.845e-02,1.115e+02,0.000e+00,9.900e+00,0.000e+00,5.550e-01,0.000e+00
4.547e+00,4.887e-02,1.119e+02,0.000e+00,1.026e+01,0.000e+00,5.570e-01,0.000e+00
4.689e+00,4.946e-02,1.123e+02,0.000e+00,1.062e+01,0.000e+00,5.590e-01,0.000e+00
4.831e+00,5.046e-02,1.127e+02,7.500e-07,1.098e+01,0.000e+00,5.610e-01,0.000e+00
4.973e+00,5.107e-02,1.131e+02,0.000e+00,1.134e+01,0.000e+00,5.630e-01,0.000e+00
5.115e+00,5.182e-02,1.135e+02,2.500e-07,1.170e+01,0.000e+00,5.650e-01,0.000e+00
5.257e+00,5.248e-02,1.139e+02,0.000e+00,1.206e+01,0.000e+00,5.670e-01,0.000e+00
5.399e+00,5.348e-02,1.143e+02,2.500e-07,1.242e+01,0.000e+00,5.690e-01,0.000e+00
5.541e+00,5.448e-02,1.147e+02,0.000e+00,1.278e+01,0.000e+00,5.710e-01,0.000e+00
5.683e+00,5.509e-02,1.151e+02,2.500e-07,1.314e+01,0.000e+00,5.730e-01,0.000e+00
5.825e+00,5.593e-02,1.155e+02,0.000e+00,1.350e+01,0.000e+00,5.750e-01,0.000e+00
5.967e+00,5.682e-02,1.159e+02,2.500e-07,1.386e+01,0.000e+00,5.770e-01,0.000e+00
6.109e+00,5.738e-02,1.163e+02,2.500e-07,1.422e+01,0.000e+00,5.790e-01,0.000e+00
6.251e+00,5.769e-02,1.167e+02,0.000e+00,1.458e+01,0.000e+00,5.810e-01,0.000e+00
6.393e+00,5.885e-02,1.171e+02,0.000e+00,1.494e+01,0.000e+00,5.830e-01,0.000e+00
6.535e+00,5.915e-02,1.175e+02,0.000e+00,1.530e+01,0.000e+00,5.850e-01,0.000e+00
6.677e+00,5.989e-02,1.179e+02,0.000e+00,1.566e+01,0.000e+00,5.870e-01,0.000e+00
6.819e+00,6.062e-02,1.183e+02,0.000e+00,1.602e+01,0.000e+00,5.890e-01,0.000e+00
6.961e+00,6.133e-02,1.187e+02,0.000e+00,1.638e+01,0.000e+00,5.910e-01,0.000e+00
7.103e+00,6.169e-02,1.191e+02,0.000e+00,1.674e+01,0.000e+00,5.930e-01,0.000e+00
7.245e+00,6.242e-02,1.195e+02,2.500e-07,1.710e+01,0.000e+00,5.950e-01,0.000e+00
7.387e+00,6.345e-02,1.199e+02,0.000e+00,1.746e+01,0.000e+00,5.970e-01,0.000e+00
7.529e+00,6.345e-02,1.203e+02,2.500e-07,1.782e+01,0.000e+00,5.990e-01,0.000e+00
7.671e+00,6.428e-02,1.207e+02,0.000e+00,1.818e+01,0.000e+00,6.010e-01,0.000e+00
7.813e+00,6.470e-02,1.211e+02,0.000e+00,1.854e+01,0.000e+00,6.030e-01,0.000e+00
7.955e+00,6.493e-02,1.215e+02,0.000e+00,1.890e+01,0.000e+00,6.050e-01,0.000e+00
8.097e+00,6.563e-02,1.219e+02,0.000e+00,1.926e+01,0.000e+00,6.070e-01,0.000e+00
8.239e+00,6.652e-02,1.223e+02,0.000e+00,1.962e+01,0.000e+00,6.090e-01,0.000e+00
8.381e+00,6.687e-02,1.227e+02,2.500e-07,1.998e+01,0.000e+00,6.110e-01,0.000e+00
8.523e+00,6.714e-02,1.231e+02,0.000e+00,2.034e+01,0.000e+00,6.130e-01,0.000e+00
8.665e+00,6.714e-02,1.235e+02,0.000e+00,2.070e+01,0.000e+00,6.150e-01,0.000e+00
8.807e+00,6.769e-02,1.239e+02,0.000e+00,2.106e+01,0.000e+00,6.170e-01,0.000e+00
8.949e+00,6.825e-02,1.243e+02,0.000e+00,2.142e+01,0.000e+00,6.190e-01,0.000e+00
9.091e+00,6.833e-02,1.247e+02,0.000e+00,2.178e+01,0.000e+00,6.210e-01,0.000e+00
9.233e+00,6.916e-02,1.251e+02,0.000e+00,2.214e+01,0.000e+00,6.230e-01,0.000e+00
9.375e+00,6.894e-02,1.255e+02,0.000e+00,2.250e+01,0.000e+00,6.250e-01,0.000e+00
9.517e+00,6.921e-02,1.259e+02,0.000e+00,2.286e+01,0.000e+00,6.270e-01,0.000e+00
9.659e+00,6.948e-02,1.263e+02,0.000e+00,2.322e+01,0.000e+00,6.290e-01,0.000e+00
9.801e+00,6.947e-02,1.267e+02,0.000e+00,2.358e+01,0.000e+00,6.310e-01,0.000e+00
9.943e+00,6.933e-02,1.271e+02,0.000e+00,2.394e+01,0.000e+00,6.330e-01,0.000e+00
1.008e+01,6.960e-02,1.275e+02,0.000e+00,2.430e+01,0.000e+00,6.350e-01,0.000e+00
1.023e+01,6.935e-02,1.279e+02,0.000e+00,2.466e+01,0.000e+00,6.370e-01,0.000e+00
1.037e+01,6.975e-02,1.283e+02,0.000e+00,2.502e+01,0.000e+00,6.390e-01,0.000e+00
1.051e+01,6.958e-02,1.287e+02,0.000e+00,2.538e+01,0.000e+00,6.410e-01,0.000e+00
1.065e+01,6.967e-02,1.291e+02,0.000e+00,2.574e+01,0.000e+00,6.430e-01,0.000e+00
1.079e+01,6.939e-02,1.295e+02,0.000e+00,2.610e+01,0.000e+00,6.450e-01,0.000e+00
1.094e+01,6.907e-02,1.299e+02,0.000e+00,2.646e+01,0.000e+00,6.470e-01,0.000e+00
1.108e+01,6.894e-02,1.303e+02,0.000e+00,2.682e+01,0.000e+00,6.490e-01,0.000e+00
1.122e+01,6.862e-02,1.307e+02,0.000e+00,2.718e+01,0.000e+00,6.510e-01,0.000e+00
1.136e+01,6.842e-02,1.311e+02,0.000e+00,2.754e+01,0.000e+00,6.530e-01,0.000e+00
1.150e+01,6.832e-02,1.315e+02,0.000e+00,2.790e+01,0.000e+00,6.550e-01,0.000e+00
1.165e+01,6.771e-02,1.319e+02,0.000e+00,2.826e+01,0.000e+00,6.570e-01,0.000e+00
1.179e+01,6.737e-02,1.323e+02,0.000e+00,2.862e+01,0.000e+00,6.590e-01,0.000e+00
1.193e+01,6.640e-02,1.327e+02,0.000e+00,2.898e+01,0.000e+00,6.610e-01,0.000e+00
1.207e+01,6.613e-02,1.331e+02,0.000e+00,2.934e+01,0.000e+00,6.630e-01,0.000e+00
1.221e+01,6.581e-02,1.335e+02,0.000e+00,2.970e+01,0.000e+00,6.650e-01,0.000e+00
1.236e+01,6.498e-02,1.339e+02,0.000e+00,3.006e+01,0.000e+00,6.670e-01,0.000e+00
1.250e+01,6.417e-02,1.343e+02,0.000e+00,3.042e+01,0.000e+00,6.690e-01,0.000e+00
1.264e+01,6.321e-02,1.347e+02,0.000e+00,3.078e+01,0.000e+00,6.710e-01,0.000e+00
1.278e+01,6.302e-02,1.351e+02,0.000e+00,3.114e+01,0.000e+00,6.730e-01,0.000e+00
1.292e+01,6.219e-02,1.355e+02,0.000e+00,3.150e+01,0.000e+00,6.750e-01,0.000e+00
1.307e+01,6.073e-02,1.359e+02,0.000e+00,3.186e+01,0.000e+00,6.770e-01,0.000e+00
1.321e+01,6.011e-02,1.363e+02,0.000e+00,3.222e+01,0.000e+00,6.790e-01,0.000e+00
1.335e+01,5.910e-02,1.367e+02,0.000e+00,3.258e+01,0.000e+00,6.810e-01,0.000e+00
1.349e+01,5.828e-02,1.371e+02,0.000e+00,3.294e+01,0.000e+00,6.830e-01,0.000e+00
1.363e+01,5.703e-02,1.375e+02,0.000e+00,3.330e+01,0.000e+00,6.850e-01,0.000e+00
1.378e+01,5.593e-02,1.379e+02,0.000e+00,3.366e+01,0.000e+00,6.870e-01,0.000e+00
1.392e+01,5.461e-02,1.383e+02,0.000e+00,3.402e+01,0.000e+00,6.890e-01,0.000e+00
1.406e+01,5.415e-02,1.387e+02,0.000e+00,3.438e+01,0.000e+00,6.910e-01,0.000e+00
1.420e+01,5.262e-02,1.391e+02,0.000e+00,3.474e+01,0.000e+00,6.930e-01,0.000e+00
1.434e+01,5.101e-02,1.395e+02,0.000e+00,3.510e+01,0.000e+00,6.950e-01,0.000e+00
1.449e+01,4.967e-02,1.399e+02,0.000e+00,3.546e+01,0.000e+00,6.970e-01,0.000e+00
1.463e+01,4.840e-02,1.403e+02,0.000e+00,3.582e+01,0.000e+00,6.990e-01,0.000e+00
1.477e+01,4.695e-02,1.407e+02,0.000e+00,3.618e+01,0.000e+00,7.010e-01,0.000e+00
1.491e+01,4.580e-02,1.411e+02,0.000e+00,3.654e+01,0.000e+00,7.030e-01,0.000e+00
1.505e+01,4.440e-02,1.415e+02,0.000e+00,3.690e+01,0.000e+00,7.050e-01,0.000e+00
1.520e+01,4.292e-02,1.419e+02,0.000e+00,3.726e+01,0.000e+00,7.070e-01,0.000e+00
1.534e+01,4.166e-02,1.423e+02,0.000e+00,3.762e+01,0.000e+00,7.090e-01,0.000e+00
1.548e+01,4.006e-02,1.427e+02,0.000e+00,3.798e+01,0.000e+00,7.110e-01,0.000e+00
1.562e+01,3.872e-02,1.431e+02,0.000e+00,3.834e+01,0.000e+00,7.130e-01,0.000e+00
1.576e+01,3.695e-02,1.435e+02,0.000e+00,3.870e+01,0.000e+00,7.150e-01,0.000e+00
1.591e+01,3.570e-02,1.439e+02,0.000e+00,3.906e+01,0.000e+00,7.170e-01,0.000e+00
1.605e+01,3.433e-02,1.443e+02,0.000e+00,3.942e+01,0.000e+00,7.190e-01,0.000e+00
1.619e+01,3.272e-02,1.447e+02,0.000e+00,3.978e+01,0.000e+00,7.210e-01,0.000e+00
1.633e+01,3.120e-02,1.451e+02,0.000e+00,4.014e+01,0.000e+00,7.230e-01,0.000e+00
1.647e+01,2.984e-02,1.455e+02,0.000e+00,4.050e+01,0.000e+00,7.250e-01,0.000e+00
1.662e+01,2.844e-02,1.459e+02,0.000e+00,4.086e+01,0.000e+00,7.270e-01,0.000e+00
1.676e+01,2.714e-02,1.463e+02,0.000e+00,4.122e+01,0.000e+00,7.290e-01,0.000e+00
1.690e+01,2.550e-02,1.467e+02,0.000e+00,4.158e+01,0.000e+00,7.310e-01,0.000e+00
1.704e+01,2.417e-02,1.471e+02,0.000e+00,4.194e+01,0.000e+00,7.330e-01,0.000e+00
1.718e+01,2.312e-02,1.475e+02,0.000e+00,4.230e+01,0.000e+00,7.350e-01,0.000e+00
1.733e+01,2.148e-02,1.479e+02,0.000e+00,4.266e+01,0.000e+00,7.370e-01,0.000e+00
1.747e+01,2.056e-02,1.483e+02,0.000e+00,4.302e+01,0.000e+00,7.390e-01,0.000e+00
1.761e+01,1.922e-02,1.487e+02,0.000e+00,4.338e+01,0.000e+00,7.410e-01,0.000e+00
1.775e+01,1.793e-02,1.491e+02,0.000e+00,4.374e+01,0.000e+00,7.430e-01,0.000e+00
1.789e+01,1.685e-02,1.495e+02,0.000e+00,4.410e+01,0.000e+00,7.450e-01,0.000e+00
1.804e+01,1.577e-02,1.499e+02,0.000e+00,4.446e+01,0.000e+00,7.470e-01,0.000e+00
1.818e+01,1.465e-02,1.503e+02,0.000e+00,4.482e+01,0.000e+00,7.490e-01,0.000e+00
1.832e+01,1.367e-02,1.507e+02,0.000e+00,4.518e+01,0.000e+00,7.510e-01,0.000e+00
1.846e+01,1.261e-02,1.511e+02,0.000e+00,4.554e+01,0.000e+00,7.530e-01,0.000e+00
1.860e+01,1.153e-02,1.515e+02,0.000e+00,4.590e+01,0.000e+00,7.550e-01,0.000e+00
1.875e+01,1.084e-02,1.519e+02,0.000e+00,4.626e+01,0.000e+00,7.570e-01,0.000e+00
1.889e+01,9.867e-03,1.523e+02,0.000e+00,4.662e+01,0.000e+00,7.590e-01,0.000e+00
1.903e+01,9.044e-03,1.527e+02,0.000e+00,4.698e+01,0.000e+00,7.610e-01,0.000e+00
1.917e+01,8.339e-03,1.531e+02,0.000e+00,4.734e+01,0.000e+00,7.630e-01,0.000e+00
1.931e+01,7.637e-03,1.535e+02,0.000e+00,4.770e+01,0.000e+00,7.650e-01,0.000e+00
1.946e+01,6.806e-03,1.539e+02,0.000e+00,4.806e+01,0.000e+00,7.670e-01,0.000e+00
1.960e+01,6.327e-03,1.543e+02,0.000e+00,4.842e+01,0.000e+00,7.690e-01,0.000e+00
1.974e+01,5.635e-03,1.547e+02,0.000e+00,4.878e+01,0.000e+00,7.710e-01,0.000e+00
1.988e+01,5.173e-03,1.551e+02,0.000e+00,4.914e+01,0.000e+00,7.730e-01,0.000e+00
2.002e+01,4.649e-03,1.555e+02,0.000e+00,4.950e+01,0.000e+00,7.750e-01,0.000e+00
2.017e+01,4.252e-03,1.559e+02,0.000e+00,4.986e+01,0.000e+00,7.770e-01,0.000e+00
2.031e+01,3.832e-03,1.563e+02,0.000e+00,5.022e+01,0.000e+00,7.790e-01,0.000e+00
2.045e+01,3.337e-03,1.567e+02,0.000e+00,5.058e+01,0.000e+00,7.810e-01,0.000e+00
2.059e+01,2.984e-03,1.571e+02,0.000e+00,5.094e+01,0.000e+00,7.830e-01,0.000e+00
2.073e+01,2.625e-03,1.575e+02,0.000e+00,5.130e+01,0.000e+00,7.850e-01,0.000e+00
2.088e+01,2.285e-03,1.579e+02,0.000e+00,5.166e+01,0.000e+00,7.870e-01,0.000e+00
2.102e+01,2.058e-03,1.583e+02,0.000e+00,5.202e+01,0.000e+00,7.890e-01,0.000e+00
2.116e+01,1.809e-03,1.587e+02,0.000e+00,5.238e+01,0.000e+00,7.910e-01,0.000e+00
2.130e+01,1.645e-03,1.591e+02,0.000e+00,5.274e+01,0.000e+00,7.930e-01,0.000e+00
2.144e+01,1.382e-03,1.595e+02,0.000e+00,5.310e+01,0.000e+00,7.950e-01,0.000e+00
2.159e+01,1.234e-03,1.599e+02,0.000e+00,5.346e+01,0.000e+00,7.970e-01,0.000e+00
2.173e+01,1.057e-03,1.603e+02,0.000e+00,5.382e+01,0.000e+00,7.990e-01,0.000e+00
2.187e+01,9.021e-04,1.607e+02,0.000e+00,5.418e+01,0.000e+00,8.010e-01,0.000e+00
2.201e+01,7.965e-04,1.611e+02,0.000e+00,5.454e+01,0.000e+00,8.030e-01,0.000e+00
2.215e+01,7.007e-04,1.615e+02,0.000e+00,5.490e+01,0.000e+00,8.050e-01,0.000e+00
2.230e+01,5.901e-04,1.619e+02,0.000e+00,5.526e+01,0.000e+00,8.070e-01,0.000e+00
2.244e+01,4.923e-04,1.623e+02,0.000e+00,5.562e+01,0.000e+00,8.090e-01,0.000e+00
2.258e+01,4.204e-04,1.627e+02,0.000e+00,5.598e+01,0.000e+00,8.110e-01,0.000e+00
2.272e+01,3.634e-04,1.631e+02,0.000e+00,5.634e+01,0.000e+00,8.130e-01,0.000e+00
2.286e+01,2.789e-04,1.635e+02,0.000e+00,5.670e+01,0.000e+00,8.150e-01,0.000e+00
2.301e+01,2.528e-04,1.639e+02,0.000e+00,5.706e+01,0.000e+00,8.170e-01,0.000e+00
2.315e+01,2.239e-04,1.643e+02,0.000e+00,5.742e+01,0.000e+00,8.190e-01,0.000e+00
2.329e+01,1.746e-04,1.647e+02,0.000e+00,5.778e+01,0.000e+00,8.210e-01,0.000e+00
2.343e+01,1.549e-04,1.651e+02,0.000e+00,5.814e+01,0.000e+00,8.230e-01,0.000e+00
2.357e+01,1.310e-04,1.655e+02,0.000e+00,5.850e+01,0.000e+00,8.250e-01,0.000e+00
2.372e+01,1.106e-04,1.659e+02,0.000e+00,5.886e+01,0.000e+00,8.270e-01,0.000e+00
2.386e+01,9.155e-05,1.663e+02,0.000e+00,5.922e+01,0.000e+00,8.290e-01,0.000e+00
2.400e+01,6.972e-05,1.667e+02,0.000e+00,5.958e+01,0.000e+00,8.310e-01,0.000e+00
2.414e+01,5.423e-05,1.671e+02,0.000e+00,5.994e+01,0.000e+00,8.330e-01,0.000e+00
2.428e+01,4.507e-05,1.675e+02,0.000e+00,6.030e+01,0.000e+00,8.350e-01,0.000e+00
2.443e+01,4.014e-05,1.679e+02,0.000e+00,6.066e+01,0.000e+00,8.370e-01,0.000e+00
2.457e+01,3.310e-05,1.683e+02,0.000e+00,6.102e+01,0.000e+00,8.390e-01,0.000e+00
2.471e+01,2.535e-05,1.687e+02,0.000e+00,6.138e+01,0.000e+00,8.410e-01,0.000e+00
2.485e+01,2.254e-05,1.691e+02,0.000e+00,6.174e+01,0.000e+00,8.430e-01,0.000e+00
2.499e+01,1.549e-05,1.695e+02,0.000e+00,6.210e+01,0.000e+00,8.450e-01,0.000e+00
2.514e+01,1.479e-05,1.699e+02,0.000e+00,6.246e+01,0.000e+00,8.470e-01,0.000e+00
2.528e+01,7.042e-06,1.703e+02,0.000e+00,6.282e+01,0.000e+00,8.490e-01,0.000e+00
2.542e+01,7.042e-06,1.707e+02,0.000e+00,6.318e+01,0.000e+00,8.510e-01,0.000e+00
2.556e+01,4.225e-06,1.711e+02,0.000e+00,6.354e+01,0.000e+00,8.530e-01,0.000e+00
2.570e+01,4.930e-06,1.715e+02,0.000e+00,6.390e+01,0.000e+00,8.550e-01,0.000e+00
2.585e+01,2.817e-06,1.719e+02,0.000e+00,6.426e+01,0.000e+00,8.570e-01,0.000e+00
2.599e+01,3.521e-06,1.723e+02,0.000e+00,6.462e+01,0.000e+00,8.590e-01,0.000e+00
2.613e+01,1.408e-06,1.727e+02,0.000e+00,6.498e+01,0.000e+00,8.610e-01,0.000e+00
2.627e+01,1.408e-06,1.731e+02,0.000e+00,6.534e+01,0.000e+00,8.630e-01,0.000e+00
2.641e+01,1.408e-06,1.735e+02,0.000e+00,6.570e+01,0.000e+00,8.650e-01,0.000e+00
2.656e+01,1.408e-06,1.739e+02,0.000e+00,6.606e+01,0.000e+00,8.670e-01,0.000e+00
2.670e+01,7.042e-07,1.743e+02,0.000e+00,6.642e+01,0.000e+00,8.690e-01,0.000e+00
2.684e+01,0.000e+00,1.747e+02,0.000e+00,6.678e+01,0.000e+00,8.710e-01,0.000e+00
2.698e+01,7.042e-07,1.751e+02,0.000e+00,6.714e+01,0.000e+00,8.730e-01,0.000e+00
2.712e+01,0.000e+00,1.755e+02,0.000e+00,6.750e+01,0.000e+00,8.750e-01,0.000e+00
2.727e+01,0.000e+00,1.759e+02,0.000e+00,6.786e+01,0.000e+00,8.770e-01,0.000e+00
2.741e+01,0.000e+00,1.763e+02,0.000e+00,6.822e+01,0.000e+00,8.790e-01,0.000e+00
2.755e+01,0.000e+00,1.767e+02,0.000e+00,6.858e+01,0.000e+00,8.810e-01,0.000e+00
2.769e+01,0.000e+00,1.771e+02,0.000e+00,6.894e+01,0.000e+00,8.830e-01,0.000e+00
2.783e+01,0.000e+00,1.775e+02,0.000e+00,6.930e+01,0.000e+00,8.850e-01,0.000e+00
2.798e+01,0.000e+00,1.779e+02,0.000e+00,6.966e+01,0.000e+00,8.870e-01,0.000e+00
2.812e+01,0.000e+00,1.783e+02,0.000e+00,7.002e+01,0.000e+00,8.890e-01,0.000e+00
2.826e+01,0.000e+00,1.787e+02,0.000e+00,7.038e+01,0.000e+00,8.910e-01,0.000e+00
2.840e+01,0.000e+00,1.791e+02,0.000e+00,7.074e+01,0.000e+00,8.930e-01,0.000e+00
2.854e+01,0.000e+00,1.795e+02,0.000e+00,7.110e+01,0.000e+00,8.950e-01,0.000e+00
2.869e+01,0.000e+00,1.799e+02,0.000e+00,7.146e+01,0.000e+00,8.970e-01,0.000e+00
2.883e+01,0.000e+00,1.803e+02,0.000e+00,7.182e+01,0.000e+00,8.990e-01,0.000e+00
2.897e+01,0.000e+00,1.807e+02,0.000e+00,7.218e+01,0.000e+00,9.010e-01,0.000e+00
2.911e+01,0.000e+00,1.811e+02,0.000e+00,7.254e+01,0.000e+00,9.030e-01,0.000e+00
2.925e+01,0.000e+00,1.815e+02,0.000e+00,7.290e+01,0.000e+00,9.050e-01,0.000e+00
2.940e+01,0.000e+00,1.819e+02,0.000e+00,7.326e+01,0.000e+00,9.070e-01,0.000e+00
2.954e+01,0.000e+00,1.823e+02,0.000e+00,7.362e+01,0.000e+00,9.090e-01,0.000e+00
2.968e+01,0.000e+00,1.827e+02,0.000e+00,7.398e+01,0.000e+00,9.110e-01,0.000e+00
2.982e+01,0.000e+00,1.831e+02,0.000e+00,7.434e+01,0.000e+00,9.130e-01,0.000e+00
2.996e+01,0.000e+00,1.835e+02,0.000e+00,7.470e+01,0.000e+00,9.150e-01,0.000e+00
3.011e+01,0.000e+00,1.839e+02,0.000e+00,7.506e+01,0.000e+00,9.170e-01,0.000e+00
3.025e+01,0.000e+00,1.843e+02,0.000e+00,7.542e+01,0.000e+00,9.190e-01,0.000e+00
3.039e+01,0.000e+00,1.847e+02,0.000e+00,7.578e+01,0.000e+00,9.210e-01,0.000e+00
3.053e+01,0.000e+00,1.851e+02,0.000e+00,7.614e+01,0.000e+00,9.230e-01,0.000e+00
3.067e+01,0.000e+00,1.855e+02,0.000e+00,7.650e+01,0.000e+00,9.250e-01,0.000e+00
3.082e+01,0.000e+00,1.859e+02,0.000e+00,7.686e+01,0.000e+00,9.270e-01,0.000e+00
3.096e+01,0.000e+00,1.863e+02,0.000e+00,7.722e+01,0.000e+00,9.290e-01,0.000e+00
3.110e+01,0.000e+00,1.867e+02,0.000e+00,7.758e+01,0.000e+00,9.310e-01,0.000e+00
3.124e+01,0.000e+00,1.871e+02,0.000e+00,7.794e+01,0.000e+00,9.330e-01,0.000e+00
3.138e+01,0.000e+00,1.875e+02,0.000e+00,7.830e+01,0.000e+00,9.350e-01,0.000e+00
3.153e+01,0.000e+00,1.879e+02,0.000e+00,7.866e+01,0.000e+00,9.370e-01,0.000e+00
3.167e+01,0.000e+00,1.883e+02,0.000e+00,7.902e+01,0.000e+00,9.390e-01,0.000e+00
3.181e+01,0.000e+00,1.887e+02,0.000e+00,7.938e+01,0.000e+00,9.410e-01,0.000e+00
3.195e+01,0.000e+00,1.891e+02,0.000e+00,7.974e+01,0.000e+00,9.430e-01,0.000e+00
3.209e+01,0.000e+00,1.895e+02,0.000e+00,8.010e+01,0.000e+00,9.450e-01,0.000e+00
3.224e+01,0.000e+00,1.899e+02,0.000e+00,8.046e+01,0.000e+00,9.470e-01,0.000e+00
3.238e+01,0.000e+00,1.903e+02,0.000e+00,8.082e+01,0.000e+00,9.490e-01,0.000e+00
3.252e+01,0.000e+00,1.907e+02,0.000e+00,8.118e+01,0.000e+00,9.510e-01,0.000e+00
3.266e+01,0.000e+00,1.911e+02,0.000e+00,8.154e+01,0.000e+00,9.530e-01,0.000e+00
3.280e+01,0.000e+00,1.915e+02,0.000e+00,8.190e+01,0.000e+00,9.550e-01,0.000e+00
3.295e+01,0.000e+00,1.919e+02,0.000e+00,8.226e+01,0.000e+00,9.570e-01,0.000e+00
3.309e+01,0.000e+00,1.923e+02,0.000e+00,8.262e+01,0.000e+00,9.590e-01,0.000e+00
3.323e+01,0.000e+00,1.927e+02,0.000e+00,8.298e+01,0.000e+00,9.610e-01,0.000e+00
3.337e+01,0.000e+00,1.931e+02,0.000e+00,8.334e+01,0.000e+00,9.630e-01,0.000e+00
3.351e+01,0.000e+00,1.935e+02,0.000e+00,8.370e+01,0.000e+00,9.650e-01,0.000e+00
3.366e+01,0.000e+00,1.939e+02,0.000e+00,8.406e+01,0.000e+00,9.670e-01,0.000e+00
3.380e+01,0.000e+00,1.943e+02,0.000e+00,8.442e+01,0.000e+00,9.690e-01,0.000e+00
3.394e+01,0.000e+00,1.947e+02,0.000e+00,8.478e+01,0.000e+00,9.710e-01,0.000e+00
3.408e+01,0.000e+00,1.951e+02,0.000e+00,8.514e+01,0.000e+00,9.730e-01,0.000e+00
3.422e+01,0.000e+00,1.955e+02,0.000e+00,8.550e+01,0.000e+00,9.750e-01,0.000e+00
3.437e+01,0.000e+00,1.959e+02,0.000e+00,8.586e+01,0.000e+00,9.770e-01,0.000e+00
3.451e+01,0.000e+00,1.963e+02,0.000e+00,8.622e+01,0.000e+00,9.790e-01,0.000e+00
3.465e+01,0.000e+00,1.967e+02,0.000e+00,8.658e+01,0.000e+00,9.810e-01,0.000e+00
3.479e+01,0.000e+00,1.971e+02,0.000e+00,8.694e+01,0.000e+00,9.830e-01,0.000e+00
3.493e+01,0.000e+00,1.975e+02,0.000e+00,8.730e+01,0.000e+00,9.850e-01,0.000e+00
3.508e+01,0.000e+00,1.979e+02,0.000e+00,8.766e+01,0.000e+00,9.870e-01,0.000e+00
3.522e+01,0.000e+00,1.983e+02,0.000e+00,8.802e+01,0.000e+00,9.890e-01,0.000e+00
3.536e+01,0.000e+00,1.987e+02,0.000e+00,8.838e+01,0.000e+00,9.910e-01,0.000e+00
3.550e+01,0.000e+00,1.991e+02,0.000e+00,8.874e+01,0.000e+00,9.930e-01,0.000e+00
3.564e+01,0.000e+00,1.995e+02,0.000e+00,8.910e+01,0.000e+00,9.950e-01,0.000e+00
3.579e+01,0.000e+00,1.999e+02,0.000e+00,8.946e+01,0.000e+00,9.970e-01,0.000e+00
3.593e+01,0.000e+00,2.003e+02,0.000e+00,8.982e+01,0.000e+00,9.990e-01,0.000e+00
